1 657 857 999 1497 1639 1672 1827 2683 2834 3018 3101 3440 3732 3895 3941 4016 4296 4455 4622 4689 5262 5529 5621 5738 5980 6001 6432 6616 6641 6841 7121 7184 7694 7702 7748 7953 8062 8124 8195 8350 9102 9106 9140 9278 9336 9374 9382 9532 10001
00000000000000000001000000000000100000111011001101
00000100000000100000000100000011000100000011100100
00000000000000000000000000001111000000000100000001
00000000000000000000000000001111000000000100000001
01000000000000001010011100000011010001111011000101
00000000000000100000011100000000100000100100000000
00000000000000100000000100000011000100000011100100
00000010000001000000000000000011000101110011000101
00000010000001000000000000000011000101110011000101
10000000000000000001000000010100100000100100000100
00000010000100000001000000001111010001110011010100
00001000000000100000111110000000100000100100000001
00000000000000100000000100001100100000000011000101
00000000000000000001000000010011001111110011001111
00000000000000100000000100001100100000000011000101
00001000000000001000111100000000100000100100000000
00100000000000000101000000010011001101110011000101
00001000000000001000111100000011000000000100000001
00100000000000000101000000010011001101110011000100
00000000000000100000000100100000100000100100000000
01000000000000001010011100000011010001111011000101
00000000000000100000000100001100100000000011000100
00000100000000100000000100000011000100000011100100
00000000000000001000111100000011000000000100000001
00000000000000000001000000000000100000100100000000
00000100000000100000000100000011001101110011000101
00000000000000100000000100100000100000100100000000
00000000000000001010000000000011000000000100000001
00000000000000001010011100000011010001111011000100
01000000000000001010011100000011010001111011001101
00000000000010100000000100001100100000000011000100
00000000000000100000000100001100100000000011000101
00000010000000100000000000000011000100000011000101
00000000000000000000000000001111000000000100000001
00000010000001000000000000000011000101110011000101
00000000000000000001000000010011001111110011001111
00010000000000001010011100001111001111110011001111
00000000000000100000111100000011000000000100000001
00010000000000001010011100001100100000000011000101
00000000000000000001000000010011001101110011001111
00001000000000001000111100000011000000000100000001
00000010000000100000011100000011000000000100000001
00000000000000100000111100000011000000000100000001
00000000000000001010000000000011000101100011100100
00000100000000100000000100000011000101110011000101
00000010000000100000011100000011000000000100000001
00000000000000001010000000000011000101110011000101
01000000010000000000000000000011000000000100000000
00001000000000100000111100000000100000100100000000
00000000000000100000000000000011000101110100000000
00000000000000001010011100000011010001111011001101
00000000001000100000000100001100100000000011000101
00000000000000000000000000001111000000000100000001
00000000000000001010000000000011000000000100000001
00000000000000001010000000000011000000000100000001
00000000000000001010000000000011000000000100000001
00000010000001000000000000000011000101110011000101
00000000000000000001000000001111000000001011001101
00000010000000010001000100000011010001111011001101
00000000000000000001000000000011000101110011000101
01000000010000000000000000001111000000000100000001
00000000000000001010011100000011010001111011000100
00000010000000100001000000001111000100000011100100
00000000000000000001000000001111000000001011001101
00000000000000000000100000000011000000000100000001
00000000000000000001000000010011001101110011001111
00000010000000000001000100000011010001111011001101
00000000000000000000000000001111000000000100000001
00000000000000000001000000010011000000000100000001
00001000000000001000111110000000100000100100000000
00000000000000000000001100000011000000000100000001
01000000000000001010011100000011010001111011001101
00001000000000100000111100000000100000100100000000
00000010000000000001000100000011010001111011001101
00000000100000001010000001000011000000000100000001
00000010000000010001000100000011010001111011001101
00000000000010100000000100001100100000000011000100
00000000000000000000000000001111000000000100000001
00000000000000000001000000010011001101110011001111
00000000000000100000000100100000100000100100000000
00010000000000001010011100000011010001111011001101
01000000000000001010011100000011010001111011000101
00001000000000100000111100000000100000100100000000
00000000000000100000011100000000100000100100000000
00000000000000001010000000000011000101110011000101
00000001000000100000111100000000100000100100000000
00000000000000100000000100001100100000000011000100
00000010000000100000011100000011000000000100000001
00000000000000000000000000001111000000000100000001
00000000000000000001000000001111000101100011100100
00000000000000000000000000001111000000000100000001
00000000000000100000000100001100100000000011000100
00000000000000100000000100100000100000100100000000
00010000000000001010011100001111000101110011000101
00000000000000100000000100001100100000000100000000
00001000000000001000111100000011000000000100000001
00000000000000000000000000001111000000000100000001
00010000000000001010011100001111001111110011001111
00000100000000100000000100000011000100001011001101
01000000000000001010011100000011010001111011000101

