1 416 438 770 963 993 1204 1461 1676 1729 1808 1812 2216 3001 3084 3114 3499 3967 4148 4570 4668 4793 4816 5333 5367 5589 5891 6042 6495 6725 6982 7238 7382 7465 7691 7955 8397 8714 9193 9234 9284 9348 9427 9434 9646 9672 9721 9729 9838 10001
00100100110000000000000011000000000010000001000000
10000000000000100010000011000001000000010001001000
00100100110100100000000011000001000010000001000000
00100100110000100000000011000001000010000001000000
00000100010000100000100110100001000010000001000000
00000100010000001000010010000001000010000001000000
10000000000000001000010010000001000010000001000000
00100000000000001000010010000001000010000001000000
00100000000000001000010010000001000010000001000000
10000000000000100010000011000001000000100000010000
00000100011000010000000011000001000010000001000000
00100100110000100001000011000001000000100000000000
00000100010000100000100110100000000010100000010000
00000001010011100000000011000000000010000001000000
00000100010000100000100110100001000010000001000000
00000100010000001000010010000101000111000001000010
00000000000000001010100001000001000010000001000000
00100100010000010100000011000001000010000001000001
00000000010000100000100110100000001010000001000000
00000100000000001000010011000001000010101000000000
00000100010000100000100110100001000010000001000000
00000100000000011010100001000001000010000001000000
10000000000000100010000011000001000000010001001000
00100100010000010000000011000001000010000001000001
00000100010000011010100001000001000010000001000000
00000000000000001010100001000001000010000001000000
00000100000000001000010011000001000010000001000000
00100100000000011010100001000001000010000001000000
01000100010000010000000011000101000010100000000101
00100000000000001010010010000001000010000101000100
00000100000000011010101001000001010010000001000000
00000100010000100000100110100000000010000001000000
00000100010000100000000011000000000010000001000000
00100100110000100000000011000001000010000001000000
00100000000000001010010010000001100010000001000000
00000001010011100000000011000000000010000001000000
00010000010011100000000011000000000010000001000000
00100100110000001010000011000001000000100000100000
00000100010000100000100110100000000010000001000000
00000000010011100010100010000001000010000001000000
00100100010000010000000011000001000010000001000001
00100110110000001010000011000001000000100000100001
00100000000000001010010010000101000111000001000010
00000100010000001000010010001001000010000001000000
00000100010000001000010010000001100010000001000000
00100110110000001010000011000001000000100000100001
00100100010000001000010010000001000010000001000000
00100100110000100000100110100000000010000001000000
00000000010010001010010010000001000000000001000000
00000000000000100010000011000001000000100000010000
00100100110000001010100110100001000000100010000101
00000100010000100000100110100001000010000001000000
00100100110100100000000011000001000010000001000000
00000100110000001010000011000001000000100010000101
00100100110000001010000011000001000000100000100000
00000100110000001010000010100001000010000000000101
00100000000000010000010010000001000000000001000000
00100100110000000000000011000000000010000001000000
00000000000000001010100001000001000010000001000000
00000100010000010000000011000000000010000001000000
00100100110000100000000011000001000010000001000000
01000100010000010000000011000101000010100000000101
00001100000000101010010010000001000010100000100000
00100100110000000000000011000000000010000001000000
00100100110000001010100110100001000010000001000000
00000000010011100010100010000001000010000001000000
00000000000000001010100001000001000010000001000000
00100100110000100001000011000001000000100000000000
00100100110000100001000011000001000010000001000000
00000100010000001000010010000001000010000001000000
00100100110000001010000011000001000000100000100000
00100000000000001010010010000001000010000101000100
00000100010000001000010010000001000010000001000000
00000000000000001010100001000001000010000001000000
00000100110000001000010010000101000111000001000010
00000000000000001010100001000001000010000001000000
00000100000000011010101001000001010010000001000000
00100100110000100000000011000001000010000001000000
00000000010011100010100010000001000010000001000000
00000100000000001000010011000001000010000001000000
00000100000000001010100010000011000010000001010000
00000100010000100000100110100001000010000001000000
00000100010000010000000011000101000111000001000010
00000100010000001000010010000101000111000001000010
00100100010000001000010010000001000010000001000000
00000100000000001000010011000001000010101000000000
00000100110000001010000011000001000000100000100000
00100110110000001010000011000001000000100000100001
00100100110000100000000011000001000010000001000000
01000100010000010000000011000001000010000001000001
00100100010000100000100110100001000010000001000000
00000100000000011010100001000001000010000001000000
00000100000000001000010011000001000010101000000000
00100100110000001010100111000001000010101000000000
00000100010000001000100010000011000010000001010000
00100100110000001010100110110001000010000001000000
00100100110000100000000011000001000010000001000000
00010000010011100000000011000000000010000001000000
00000100000000001010000011000001000110000001000010
00000100010000100000100110100001000010000001000000

