1 278 1357 1667 1782 1980 1984 2158 2222 2408 2765 2777 3404 4054 4177 4376 4435 4459 4534 4602 4907 5046 5169 5570 5582 6359 6573 6613 6811 7093 8053 8061 8136 8283 8949 9052 9132 9156 9207 9231 9290 9370 9600 9620 9675 9866 9881 9937 9945 10001
00000011001000101011000110001010000010000100000000
00001001000000001010000110000000010010000100000000
00001001000011101011000110000000000010000000001110
01000011000001000000000100101100000010001100001110
00000011000001000000000100001100000010001100001110
00011000000000111011000110000000000011000000001110
00000011100000001010000100001010000010000100000000
00011001001000101011000110000000101010000000001110
00001001000000001010000110000000010010000100000000
00000011001000101011000110000010010010000100001110
00001001000000001010000110000000010010000100000000
00000011001000101011000100011100000010000100001110
00000011100001001000010100000100000010001100001110
01000011001000101011000110000000100010000100001110
01000011000001101011000100010000000011000000001110
00011000100000001010000100000001000010110000001110
00000011100000001010000100000100000010000100001110
00000011000001000000000000000100100000100000000000
00011000100000001010000100000100010010000100001110
00001001000000001010000110000000010010000100000000
00011000000100101011000110000100000010000100101110
00011000100000001010000100000100000010000000001110
00001001000000001010000110000000010010000100000000
00000011001000101011000110000010000010000100000000
00000011100001001000000110000000010010000100000001
00000011100000001010000101010000000010000110000110
00000011001000101011000110000001000010110000001110
00001001000001000000000100001100000010000100000000
00000011001000101011000110000001000010110000000000
00001101000001000000100000000100000010000100001110
00111000000001000000000100000000101010000000001110
00111000000001000000000100001000000010000100000000
00011000100000001010000100000100010010000100001110
01000011000001000000000100001100000010000100000000
00111000000001000000000100001000000010000100000000
01000011001000101011000110000000100010000100001110
00001001000000001010000110000000010010000100000000
00001001101000110000001100010000000010000100001110
00011000100000001010000100000100010010000100001110
00000011100000001010000100000100000010000100001110
00000011001000101011000110000000000011000000001110
00001001000000001010000110000000010010000100000000
01001001000011000000000100000100100000100000001110
00000011001000101011000110000000000011000000001110
00011000100000001010000100000100000010000000000000
00001001000000001010000110000000010010000100101110
00001001000011000000000100000100000010000000000000
00000011001000101011000110000010010010000100001110
00000011001000110000001100010000000010000100001110
01001001000011000000000100000000000010000000001110
01001001000011000000000100000000000010000000001110
01001001000011000000000100000000000011000000001110
10000000110001001000010100000000000110000100001110
00000011100001001000010100000000000110000100001110
00000011001000101011000110000000000011000000001110
00011000100000001010000100000100000010000000000000
01011000000000110000000000000010000010000100001110
00011000110000101011000110000000101010000000001110
00001001000001010000000100000100000010000000000000
01000011001000101011000110000000100010000100001110
00011000000000110100000000000100000010000100001110
00011000100000001010000100000100010010000100001110
00000011001000110000001100010000000010000100001110
00000011100001001000010100000000000110000100001110
00000011001000101011000100001100010010000100001110
00000011100000001010000100000100000010000100001110
00001001000000001010000110000000010010000100000000
01000011001000101011000110000000100010000100001110
01000011100000001010000100000100000010000000011110
00011001000000101011000110000000000010000100000000
00001101000001000000100100000000100010000000000000
00011000110001001000010100000000000110000100001110
00000011001000101011000110000000000010000100000000
01000011000001101011000100010000000011000000001110
01001001100000001010000100001010000010000100001110
00000011001000101011000110000100000010000100001110
01001001000011000000000100000100100000100000001110
00111000000000110000000000000100010010000100001110
00000011100000001010000100000100000010000100001110
01001001000011000000000100000000000110000100001110
00001001000000001010000110000000010110000100001110
00111000000001000000000100001010000010000101001110
01000011001000101011000110000000100010000100001110
00001001000000001010000110000000010010000100000000
00011000110001110100000000000100000010000100001110
00000011001000101011000110000000000010000100001110
00001001000011000000000100000100000010000000001110
00011001100000001010000100000100000010000100001110
01000011001000101011000110000000100010000100001110
00001001000000001010001100010000000010000100001110
00001001101000110000001100010000000010000100001110
00111000000001000000000100001000000010000100000000
01001001000011000000000100000000000010000000001110
01001001000011000000000100000000000010000000001110
00111000110001001000010100000000000110000100001110
00111000000001000000000100001100000010000100000000
00011000100001001011000100010000000011000000001110
00001001000000001010000110000000010010000100000000
00011000100000001010000100000100010010000100001110
00011000100000001010000100000100000010000000001110

