1 77 186 457 505 642 1213 1603 1784 1855 1922 1969 2511 2668 3015 3158 3572 4009 4328 4337 4337 4618 5150 5393 5816 6035 6063 6382 6391 6577 6605 6672 7143 7323 7433 7580 7766 7861 8065 8403 8517 8617 8626 8992 9145 9159 9687 9920 9934 10001
00010000000001001000000000100000001001000000000000
00010000000001001000000000100000001001000000000000
00001000000000000010000001010100001000000000010000
00000000000000000000000000101010000000100010000011
00000000000000000000000000100000001001000010100100
00001000000000000010010000010100000000000000000000
00001000000010010010100001010100001000000000010000
00100000000000000000000000100000000000000010100100
00010000000001001000000000100000001010001001000000
00001000100000010010000000101000000000100010000011
00010000000001001000000000100000001001000010100100
00001000000000000000000000100000001001000010100011
00000000000000000000000000100000001001000010100100
00000010000101001000000000010100000000110010010000
00001000000000000010000000100001001001000010000011
00001000000000000010000001010100001000000000010000
00000000000100010101000001010100001000000000010000
00000000000101000001000000101000001000000010010000
00000001000000001000000000100000001001000110000011
00010000000001001000000000100000001001000010100100
00000010000101001000000000101010000100000010010000
00001000000000000000000010100000011001000010100100
00010000000001001000000000100000001001000000000000
00000110000000000001000001010100000100000010000011
00010000000001001001000000101010000000100010000011
00100001000000000010001000100000101001000000010100
00001000000000000010000001010100001000000000010000
01010000000101000001000000101010000001000000001000
00000010000001100010100001010100001000000000010000
00000010000101001000000000100000001000000000010000
00100000000000000000000010100000011001000010100100
00010000000101000001000000101010000000100010000011
00000001000000001000000000100000001001000110000011
00000000000000000000000101010100001000000000010000
00010000000101000001000000101010000000100010000011
00000010000101001000000000010100000000110010010000
00010000000001001000000000100000001001000010100100
00000010000101001010000101010100001000000000010000
00001000000000000010001000101010000100000010010000
00000000000100010101000001010100001001000010100100
00001000000000000010000001010100001000000000010000
00010000000001001000000000100000001001000010100100
00001000000000010001000000100000000000100010010000
00001000000000000010000001010100001000000000010000
00000000000000000000000000100000000000000010000011
00000010000101001000000000101000000000000000000011
10010000000010001000000000100000000000100010010000
00001000100000010010000000101000000000100010000011
00000010000101001010000101010100001000000000010000
00100000000100010010000000101010000100000010010000
00100000000100010010000000101010000100000010010000
00001000000000000010000000100000001001000010000011
00000010000100010010001000101010000100000000010000
00000010000100000010001000101000000100000010000011
00001000000000000010000001010100001000000000010000
00000000010000000000000101010100001000000000010000
00001000000000000010000000010100000000110010010000
00100000000000000000000000100000000000000010100100
10010000000010001000000000100000000000100010010000
00000010000101001000000000010100000000110010010000
00000000100000010010001000101000000100000010000011
00001000000000000010001000101010000100000010010000
00000010000101001010000101010100000000000000100100
00000010000100000010001000101000000100000010000011
00000000000000000000000000100000000000000010100100
00000000000100010101000001010100001001000010100100
00010000000001001000000000100000001001000000000000
00000010000101001000000000010100000000110010010000
00100000000101000001000000100000001001000010100100
00001000001000010000001000100000001010001001000000
00000000000001001000000000100000001001000000000000
00000010000100010010001000101010000100000000010000
00001000000001001000000000100000001001000000000000
00001000000000000010000000100001001001000010000011
00001000000000000010000000010100000000110010010000
00000000000100000010000000100000001001000010100100
00001000000000010001000000100000001001000010100000
00000000100000010001000000100000001000000000010000
00000000000100010101000001010100001001000010100100
00000010000100000000000000100000001001000000000000
00000010000100010010001000101010000100000000010011
00001000000000000010000101010100001000000000010000
00000010000101010010100001010100001000000000010000
00010000000001001000000000100000001001000000000000
00000010000101001000000000100000001001000000000000
00000010000101000000000000101000000100000000010000
00100000000100010010000000101010000100000010010000
00000000000100010010000001010100001000000000010000
00000010000101001000000000010100000000110010010000
00001000000000000000000000100000001001000010100011
00000010000101001010000101010100000000000000100100
00010000000000000010000001010100001000000000010000
00100000000100010010000000101010000100000010010000
00100000000100010010000000101010000100000010010000
00000010000100010010001000101010000000000010010000
00000010000101001010000101010100001000000000010000
00001000000000000010000000100000001001000010000011
00010000000001001000000000100000001001000010100100
00001000000000000010001000101010000100000010000011
00001000000000000000000010100000011001000010100100

