1 236 345 572 703 712 1469 1478 1501 1641 2253 2340 2906 3119 3459 3568 3622 3632 3817 3858 4429 4506 4624 5001 5001 5068 5300 5631 5798 5835 5898 5989 7004 7661 7693 7752 7952 8078 8432 8459 8754 8917 8926 9130 9266 9271 9475 9525 9982 10001
00000010000000000000000000000000100000001000000110
00000000001000000010000000000000010000000000100000
00010000001000001010001000100000000001000100000110
00000000001000000010001000100000000001000000000110
10100000000000010010001000100101010000000000100000
00000000000000000000000000000000100000000000000110
00000000000000000000000000000000100000000000000110
10100000000000010001000000000000000000000000100000
00000000001000000010000000000000010000000000100000
11000010000000000000001000100000001001000000000110
10100000000000010010001000100101010000000000100000
10000000000000000010100010000010000000000000000110
10100000000000010010001000100000000001000000000111
00000000000000000000001000001000000100000000000010
10000010000000010010000000000001100000000001000000
00000000000000000000000000000000000000000001000000
00000000000000010000000000000001000000000001000110
00000000100000010010000000000101000001000001000010
10000010000000010010000000000001100001000000000110
10100000000000010010001000100101010000000000100000
00000000001000000010000000000000000001000100000110
10000000000000010010001000100000000000000000100000
00000000001000000010000000000000010000000000100000
11000010000000000000000000000000100000000010000010
11000010000000000000001000000000000000000000000000
10100000000001010001000000000000100000000000000110
00000000000000000000000000000000000000010001000000
00000000000000000000000000000000000001000000000110
00000000000000010000000000000001000000000000000000
00000010000000010001000000000000000100000000001010
10000010000000000000000000000000100000000000000110
11000010000000000000001000000000000000000000000000
10000010000000010010000000000001100001000000000110
00000000000000000000000000000000100000000000000110
00000000001000000010001000100000000001000000000110
00000000000000000000001000001000000100000000000010
10100000000000010010001000100101010000000000100000
00000010000000100010001000100000000001000000000110
00000000000000000010100010000010000000000000000110
10100000000000000010000000000000000001000100000110
00000000000000010010001000100000000000000010000010
10100000000000010010001000100101010000000000100000
00000000000000000000000000000001100001000000010110
00000000000000010010001000100000000000000010000010
10000001000000010001000000000000100000000001000110
10000000000000000000100100000000000000000010000010
00000000000000000000000000000001100001000000010110
11000010000000000000001000000000000000000000000000
00000010000000100010001000100000000001000000000110
00000000001000000010001000000000001001000000000110
00000000001000000010001000000000001001000000000110
10000010000000010010000000000001100000000001000000
00000000000000000000000000000000000000000001000000
11000110000000000000000000000000100000000001000110
00000000000000000000000000000000000000000001000000
00000000000010010001000000000000000000010001000000
00001000000000000000001000100000000001000100000110
10000010000000010001000000010000000001000000000111
00000000000000010001000000000000100000000001000000
00000000000000000000001000001000000100000000000010
11000000000000000000001000100000000000000010000010
00000000000000110001000000000000010000000000100000
10100000000100010010000000000000000000000001000000
11000110000000000000000000000000100000000001000110
10000010000000010001000000010000000001100000000110
10100000000000000010000000000000000001000100000110
00000000001000000010000000000000000000000010000100
00000000000000000000001000001000000000000010000010
10100000000000010010001000100000000000000000000110
00000000001000000010001000000000000000000000000000
00000000001000000010000000000000010000000000100000
00000000000000000000000000000000000001000000000110
00000010000000000000000000000000100000000000000110
10000010000000010010000000000001100000000001000000
00001000000100010001000000000000100000000010000010
10100000000000010101000000000000000000000000000000
00000000000000010010001000100000000000000010000010
00000000000000000010100010000010000000000000000110
10100000000000000010000000000000000001000100000110
00000010000000000000000010000010000000000010000010
11000010000000000000000000000000100000001000000110
00000010000000010010000000000001100000000001000000
00000000010000000000100100000000010000000000100000
00000000001000000010000000000000000000000010000100
00000000000000000010011000000000000000000001000000
00000010000000000000000000000000100000000000000110
00000000000000000000001000000000000000000001000000
00000000000000000000000000000000000000000001000000
00000000000000000000001000001000000000000010000010
10000000000000000010100010000010000000000000000100
10100000000100010010000001001000000000000010000010
00000000000000000000000000000000000000010001000000
00000000000000000000001000000000000000000001000000
00000000001000000010000000000000100000001000000110
00000000000000000000100100000000000000000000000000
00000010000000100010001000100000010000000000100000
10000010000000010010000000000001100010000000000000
10100000000000010010001000100101010000000000100000
11000010000000000000000000000000100000000000000110
10000010000000000000000000000000100000000000000110

