1 10 154 307 326 484 588 672 672 963 1091 1160 1506 1733 1916 1960 2310 2394 2434 2686 3090 3283 3697 3989 4502 5277 5534 5795 5810 5879 6526 6703 6935 7231 7330 7463 7542 7686 7839 7918 7987 8011 8135 8628 8658 8737 9527 9749 9867 10001
00001000001000000010000001000000001100000101100011
01000000000000001101000000000001001100110010000001
00001000001000000010000000000000001100110010000000
00001000001000000010000100000000011100010000000000
01000000000000001101000101000010011110000100000001
00100001010100000010000000000000001100010010000100
00001000001000000010000000000010001100010010000000
01000000000000000000011000000000001100010010000001
01000000000000001101000001000010011100000100000011
00001000001000000010000001000010011110000100000011
01000000000000001101000000000010001100010010001001
00001000001000110000000000000001001100110010000001
00001000001000000010000100000000011100010000000000
10000000000000110000001000000000011101001100000000
00001000001000000010000001000010011110000100000011
00001000001000000010000001000010011100000100000011
00001000001000000000000100001000100010000100000000
00001000001000110000000001000010011110000100000011
00001000001000000010000000000010001100010010001001
01000000000000001101000000000010001100010010001001
10001000001000000010000000000001001100110010000001
01000000000000001101000000000001001100110100000000
01000000000000001101000000000001001100110010000001
00100001010100000010000001000010011110000100000001
00001000001000000000000100011000100010000100000000
00001000001000000010000101000010011110000100000011
00000001010100110000000001000010000010010000000000
00001000001000000010000000000010000010010000000000
01000000000000001100000001000010011100000100000011
10010000000000110000001000000000011101001100000011
00001000001000000010000000000010001100010010000000
00001000001000000000000100011000100010000100000000
00001000001000000010000001000000001100000101100011
00001000001000000010000100000000001100010010000000
00001000001000000010000100000000011100010000000000
10000000000000110000001000000000011101001100000011
01000000000000001101000000000010001100010010001001
00001000001000000010000100000000011100010000000000
00001000001000110000000000000001001100110010000001
10000100100001110000100000100010000010010000000000
00100001010100000010000000000001001100110010000001
01000000000000001101000000000010001100010010001001
00001000001000000010000000000001001100110010000011
00100001010100000010000010000001001100110010000001
00001000001000000000000100001000100010000100000000
00100001010110110000000000000000001100110010000000
00001000001000000010000000000001001100110010000001
00001000001000000000000100001000100010000100000000
00001000001000000010000000000010001100010010001001
00001000001000000010000001000010011110000100000011
00001000001000000010000001000010011110000100000011
00100001010110110000000000000000001100110010000000
00001000001000000010000101000000001100000100000000
00001000001000000000000100001000100010000100000000
00001000001000000010000001000010001100110010000011
00000001010100110000000001000010000010010000000000
00001010001000110000011000000000001101001100000011
00001000001000000010000100000010001100010010000000
00001000001000000010000000000000001100010010000000
10000000000000110000001000000000011101001100000011
00100001010100000010000000000000001100010010000100
01000000000000000010000101000000001100000100000000
00001000010100110000000001000000001100000101100011
00001000001000000000000100001000001100110010000000
00001000001000000010000000000010001100010000010011
10000100100001110000100000100010000010010000000000
00001000001000000010000000000000010010010000000000
00100001010110110000100000100010000010010000000000
00001000001000000010000000000010001100010010000000
00001000010100110000000001000000001100000101100011
01000000000000000010000000001000101100000100010000
00001000001000000010000000000010000010010000000000
00001000001000000010000000000000001100010010000000
00001000001000000010000001000010011110000100000011
00100001000000001101000000000010001100000101000000
01000000000000001101000000000000001100110010000001
00100001010100110010000001000000001100000101000000
00001000001000110000000000000000001100000100010011
10000100100001110000100000100010000010010000000000
00100001010100000010000000000000001100010010000100
00001000001000000010000000001000011101001100000011
00001000001000000010000001000010011110000100000011
01000000000000001101000100001000100010000100000000
00001000001000000010000000000000010010010000000000
00000001001000110000000001000100001100000100010011
00001000001000000010000100000010001100000101000000
00001000001000000010000001000010011110000100000001
00001000001000000010000001000010011100000100000011
00100001010110110000100000100010000010010000000000
00000001010100110000000001000010000010010000000000
00100001010110110000000000000000001100110010000000
00000001010100110000000001000010000010010000000000
00001000001000000010000001000010011110000100000001
00001000001000000010000001000000001100000101100011
00001010001000110000001000000000001100000100010011
01000000001000000010000000000001001100110010000001
00001000001000000000000100001000100010000100000000
01000000000000001101000000000010001100010010001001
00001000001000000010000100000010001100010010000000
00001000001000000010000000000010001100010010000000

