1 351 472 552 637 1098 1605 1725 2386 3259 3660 3750 3830 3915 3920 4061 4321 4417 4447 4532 4797 4833 5073 5083 5249 5309 5750 5825 6276 6662 6677 6853 7128 7499 7625 7895 7915 7940 7985 8021 8056 8457 8482 8512 9058 9464 9539 9549 9730 10001
10100000000000000000001000000000110000100000000101
10010000100000110000000000000001000000000000000001
00000000100000000000000000000000100000100000000001
00000000100000010000010000000000010000100000000010
10000000000100000000010000100000010000100000000010
00000000000000000000000000000001000000000000000000
00000000100000010010001000000001000000000000000010
10000000000100000000010000000000010000100000000010
10101000000000011010001000000000100110100000000001
10100100100000000000010000000000011000100000000001
10100110100000010010001000000000100110100000000010
10100000000000010010000010000010010000100000000001
00000000100000110000000000000001000000000000000001
00000000000000000000000010000000100000100000000010
10100100100010010000010000000000011000100010100011
10101000000000011010001000000000100110100000000001
00000010000001010010100010000000000000000000000010
10101000000000011010001000000000100110100000000001
10100000100000011010000010000000110000100000000100
10100110100000010010001000000000100110100000000010
10100000000001010010100010000000000000000000000010
00000000000100000000010000100000010000100000000010
10010000100000110000000000000001000000000000000001
10000000000100000000010000010001000000000000000100
00000100100000000001010000000000000000100101000001
10100000100010010000000000000000000001100100000000
00000000100000010000010000000000010000000000010001
00000000000000000000000010000000100000100000000010
10101000000000011010001000000000100110100000000001
10100100100010010000000000000000000001100100000000
00000000100000010010001000000000100110100000000001
01000100100000000001010000000000000000100101000001
10100000000000000000001000000000110000100000000101
00000000000010010000001000000000100110100000000001
00000000100000010000010000000000010000100000000010
10100010100000010010010001000000010000100000000011
10100110100000010010001000000000100110100000000010
00000000100000110000000000000000010000100000000000
10100000000000010010000010000010010000100000000001
00000000100000110000000000000000010000100000000000
10100000000000000000000000000000100110100000000001
10100110100000010010001000000000100110100000000010
10101000000000011010001000000000100110100000000001
10100000000000000000000000000000100110100000000001
00000010000001010010100010000000000000000000000010
00000000000000000000010000000001000000000000000000
10100000000000000000000000000000100000100000000001
00010000100000010000000000000000100000100000000010
10010000010000000000010010000000100000100001000001
10100100100010010000000000000000000000100100000000
10100100100010010000000000000000000000100100000000
00000000000000000000010000000000010000100000000010
00010100100010010000000000000000000001100000000001
00000010000001010010100010000000000000000000000010
10101010100000010010001000000000100110100000000000
00000000000000000000010000000000010000100000000000
10100000000000000000010000000000010000100000000010
00100000000000000000000000000000100000100000000010
00000000000000000000010000000000010000100000000010
10100010100000010010010001000000010000100000000011
00000000000000000000000000000001000000000000000000
00010000000000011010001000000000100110100000000001
10100000100000011010000100000000010000100000000000
00000000000000010010001000000000100110101000000001
10000111000000010000000000010001000000000000000100
00000000100000110000000000000000010000100000000000
00000000000000000000001000000000110000100000000101
00000000100000110000000000000001000000000000000000
00000000100000010010001000000001000000000000000101
10100000100000011010000100000000010000100000000000
00000000000000000000010000000000100000100000000010
00000000000000000000000010000000100000100000000010
00000000000010010000000000000000100000110000000010
10100100100010010000010000000000011000100010100011
00000000100000010100010000000100000110100000000001
10100000000000000000000000000001000000000000000001
00000000000000010010001000000001000000000000000001
10100110100000010010001000000000100110100000000001
00000000100000110000000000000000010000100000000000
00000000000000000000000000000001000000000000000000
10100010100000010010010001000000010000100000000011
10100100100010010000000000000000000001100100000000
00000000000010010000000000000000100000100000000000
00000000000000000000001000000000110000100000000101
10100110100000010010001000000000100000100000001001
00000100100010010000010000000000110000100000000101
10000000000100000000010000100000010000100000000010
10101000000000011010001000000000100110100000000001
00000000100000110000000000000001000000000000000000
00000000000000000000010000000000010000100000000010
00000000001000000000010000000000010000100000000010
00000000100000010000010000000000010000000000010001
10000000000100000000010000100000010000100000000010
10100000000000000000001000000000110000100000000101
10100110100000010010001000000000100110100000000001
10100000000001010010100010000010010000100000000001
00010000000000000000010100001000010000100000000000
10100110100000010010001000000000100110100000000010
00000000100000010010001000000001000000000000000101
00000000100000010010001000000001000000000000000101

