1 20 49 329 397 764 813 882 990 1568 2307 2376 2909 2958 3184 3551 3717 3962 4281 4330 4574 4579 4858 4868 5030 5167 5240 5534 5691 5946 5946 6004 6205 6411 6426 6607 6905 7229 7322 7684 7723 7919 7968 8159 8267 8424 9315 9388 9565 10001
11000000000010000110010101000010000001100000000010
01000000000010000001001000000010000001100000000010
01001100000000101001000101111000000000000000100010
00000100000010000001000001000010000000010001011100
00000100001000101001000101110000000000010001000010
00001100000001001001001001000010000000000000100010
00000100000001000010010101000000100100000001000010
00000100000001000010010101000000000100000001000010
01000100000001000110010101000000000001100000000010
01000100000001000001000101110010000000000000101100
00000100000000101001000101110000000000000000000010
01001100000010000110010101000000000000010001000010
01000000000010000001000101110010000000000000101100
00000100000001000010001000000010000000000000100010
01000000000000101001000101110000000000000000000010
01001100000010000001000001000010000000000001001100
00000000000000101001000101110000000000100000000010
01001100000010000001000001000010000010000101001100
00001000000001000010001000000010000000000000100010
00000100000000101001000101110000000000000000000010
00000000000000101001000101110000000000100000000010
00000100001000101001000101000000000000000000100010
01000000000010000001001000000010000001100000000010
00001000000001000010001000000010000000000000100010
01101100000001000110010101000000000001100000000010
00001100000010000110010101000010000000000000100010
11000000000010000110010101000010000001100000000010
00000100000001000010001000000010000000000000100010
01001100000010000001000001000010000010000101001100
00001100000010000110010101000010000001100000001010
01001100000010000001000001000010000000000001001100
01101100000001000110010101000000000001100000000010
11000000000010000110010101000010000001100000000010
01001100000001000001001001000010000000100000000010
00000100000010000001000001000010000000010000100010
01001100000010000001001001000010000000000000000010
00000100000000101001000101110000000000000000000010
00001000000000101001001001000010000000000010000010
01001100000010101001000111001000011000010001000010
00001000000000101001001001000010000000000010000010
01001100000001111001100111001000011000010001000010
00000100000000101001000101110000000000000000000010
01001100000010000001000001000010000000000001001100
01001100000001111001100111001000011000010001000010
00000000000000101001000101110000000000100000000010
00001100000001001001001001001000000000000000101100
01001100000000101001000101100010000000100000000010
00000100000010000001000111001000011000010001000010
01101100000001101001001000000000000000000001000010
00001100000001000010010101000010000001100000000010
00001100000001000001001001000000000000000000000011
00000100010001000010010101000000000100000001000010
01001110100000101001000001000010000000000001001110
00000000000000101001000101110000000000100000000010
00001100000001001001001001000010000000000000100010
00001000000000101001001001000010000000000010000010
00000100000001000010000000000000000000010000000010
00000100000001000010010101000010000000000001001100
00000100000001000001000101111000000000001000100010
01001100000010000001001001000010000000000000000010
00001100000000101001001001000010000000000000101100
01001100000010000001000001000010000000000001001100
00001000000100101001001001000010000000000000100010
01001100000010000001000001000010000000000001001100
00011000000000101001001001000010000000000000000010
00001000000000101001001001000010000000000010000010
11000000000010000110010101000010000001100000000010
00001100000001001001001001001000000000000000101100
01000000000000100010001000000010000000000000100010
00001000000100101001001001000010000000000010000010
00000100000010000110010101000010000001100000001010
00000100000001000010001000000010000000000000100010
00000100000001001001001001000010000000000000100010
01000000000000101001000101110000000000000000000010
01001100000010000001000001000010000000010001011100
01000100000010000001000001000010000000010001001100
01000100000010000001000001000010000000000000000010
01001100000001000010000000000000000000010001000010
00001000000000101001001001000010000000000010000010
00001100000000101001001001000010000000000000101100
01001100000000101001001001000010000000000000000010
00001100000010000001000101110010000000000000101100
00001000000010000001000001000010000000010001001100
11000000000010000110010101000010000001100000000010
01001101000000101001001001000010000000010001000010
01000000000010101001001001000110000000000000101100
00000100000000101001000101110000000000000000100010
01001100000010000001000001000010000000000001001100
00001100000001001001001001001000000000000000101100
00000100000001000010010101000000000100000001000010
00000100000010000001000111001000011000010001000010
11000000000010000110010101000010000001100000000010
00000100001000101001000101110000000000010001000010
11000000000010000110010101000010000001100000000010
01001100000001111001000111001000011000010001000010
01001100000010101001000111001000011000010001000010
00001000000000101001001001000011000000000000101100
00000100000000101001000101110000000000000000000010
01001110100000101001000001000010000000000001000010
01000000000000100010001000000010000000000001001100

