1 80 430 611 661 868 1099 1149 1373 1570 1659 1793 2134 2202 2463 2778 2825 2850 3069 3351 4407 4533 4550 5064 5447 5640 5649 5665 6284 6478 6802 6814 6840 6873 6920 6945 7101 7202 7328 7395 7829 8039 8288 8309 8469 8574 8658 9218 9748 10001
00000000011000010010000000100000000000000000001000
00010000000100000000010000100000010000000000001000
00010000000100000000000000100000000000000000001000
00000000000100010000000000000000101000000000000010
00000000000100000000000000100100100101001100000000
01000000000100000000010000100001100000000000001010
00000000000100000000000000100010000000000000000010
00000000000100000000010001100000100001001101000001
00000000100101000000000000100100100000000000001010
00000000001100010010000000100110000000001100001010
00001000000100010010000000100000000000000000000010
00000000011000010010000000100000000000000000001000
00000000001100010010000000100110000000001100000010
00001000000100000000000000100100100000001100001010
00010001001010000010010000101110000000001000100000
00000000000100010000000010100000010000000000001000
00010001001000000000000000100000000000001000000000
00000000000100010000010001100100100000001100011001
00010001001000000010000000100100100000000000001010
00001000000100010010000000100000000000000000000010
00010001001000000000000000100000000000001000000000
00010001000100000000000000100010000000001100011000
00010000000100000000010000100100100000000000000010
00010001001000000010000000100100100000000000001010
00000000100101000000000100100100100000000000001010
01000000000100000000010000100001100000000000001010
00000000000100000000010000101100100010001100000010
00001000000100000000000000100100100000001100001010
00000000000100010000010001100100100000001100011001
10000000000100000000000000100100100001001100000100
00000000000100010100010001100100100001001100000001
00000000000100000000000000100010000000000000000010
00000000011000010010000000100000000000000000001000
00010001001000000000000000100100100101001100000000
00000000000100000000010000100001100000000000001010
00010001101000010000000000100100100000000000001010
00001000000100010010000000100000000000000000000010
00010001001000000000000001100100100001001100000001
00000000001000100000000000000000101000001000100010
00010001001000000000000001100100100001001100000001
00000000001000100000000001100100100001001100000001
00001000000100010010000000100000000000000000000010
00000000000100010000010000100000000000000000001000
00000000001000100000000001100100100001001100000001
00000000000100010000000000100000010000000000001000
00000000000100001000100001100100100001001100000001
00000100101000010010000000100000000000000000001010
00000000001000100000000000000000101000001000100010
00000000000100010000000001100100100001001100000000
00000000000100000000010000101100100010001100000010
00010001001000010010000000100100100000000000001010
00000000000100000000000000100010000000000000000010
00010000000100000000000000100100100101001100000000
00010001001000000000000000100000000000001000000000
01000000000100000000010000100001100000000000000010
00010001001000000000000001100100100001001100000001
00010001100000000000101000100100100000000000001010
00000100101000010010000001100100100000011000001010
00010000000100000000010000100000000000001000001010
00010001101000010000000000100100100000000000001010
00100000000100000000000000100100100001001100000100
00000000000100010100010001100100100001001100000001
00010000000000010001000000100000000000000000000010
00000000000100010100010001100100100001001100000001
00010001101000010000000000100100100000000000001010
00010001001000000000000001100100100001001100000001
00000000011000010010000000100000000000000000001000
00010001001000000010010000100100100010011000001000
00000000001000100000000000000000101000001000100010
00010001001000000000000001100100100001001100000001
10000011000100000000010000110000010000000000001000
00001000000100000000000000100100100000001100001010
01000000000100000000010000100001100000000000001010
00010001001010000010010000101100100010001100011000
00000000000100010000000000000000101000000000000010
00000000000100010000000010100000010000000000001000
00010001001000000010010000100100100000000000001010
00000000000100000000010000110010000000001100011000
00010001001000000000000001100100100001001100000001
00100000000100000000000000100100100001001100000100
00000000000100010010000000100100100000000000001010
00000000001100010010000000100110000000001100011000
00000000001100010010000000100100100000000000001010
00000000011000010010000000100000000000000000001000
00001000100100001000100000100100100000001100011000
00000100101000010010000000100000000000000000001010
00010000000100000000000000100100100101001100000010
00000000000100010000010001100100100001001100000001
00000000000100001000100001100100100001001110000001
00000000000100000000010001100000000000000000000010
00000000001000100000000000000000101000001000100010
00000000000100000000010000101100100010001100000010
00000000000100000000000000100100100101101100000000
00000000011000010010000000100000000000000000001010
00000000001000100000000000000000101000001000100010
00000000001000100000000000000000101000001000100010
00001000000100000000000000100000100010001100000010
00001000000100010010000000100000000000000000000010
00000000001000100000000000000000101000001000100010
00010000000100000000010000100000000000001000000000

