1 41 996 1363 1426 1659 1986 2022 2363 2484 2497 2667 2775 3053 3116 3156 3295 3331 3420 3703 4017 4052 4442 4478 4501 5263 6101 6168 6235 6415 6558 6800 6854 6944 7298 7737 7737 8082 8190 8252 8275 8378 8629 8745 8799 9409 9494 9552 9642 10001
11000000001010100010000000010010000010101000000000
10000000001000000000010001010000000000010000000001
11000000001000000000010000100010000000000000100000
10000000001000000000010101000000000000101000000000
10000100001010100010000000010010000010101000000000
10000000100010000000010001010010000100101000010010
10000100100000000101010000000010000000000000000000
10010100001010000000010001000010000000101000000001
10000000100010000000010000000000000000000000000000
10000100100000000101010001010010000100101000010010
10000101100100000000010000000000000000101000000000
11000000001010100010000000010010000010101000000000
10000101100000000010010000000000000000101000000000
10000000100010000000010000000010100100101000100000
00000100001010000000010001010010000010000010100000
10000000001000000000110101000000000000101000000000
00010100100010000000010001000000000000101000000000
10010100011000000000010000000010010100101001000100
10000000001010000010000000000010000100101000000000
10000101100100000000010000000000000000101000000000
00010100100010000000010000000000000000101000000000
10000000001000000000010001010010000010000000000000
10000100001000000000010000001011000000010000000001
10000000001010000010000000000010000100101000000000
10000010001011000000011101000000000000101000000000
10000000100010000000010001010010000100101000010010
10000101100000000010010000000010000001101000000000
10000000100010000000010000000010100100101000100000
10010100011000000000010000000010010100101001000100
10000000001010000010000000000000000000101000000000
10010100001010000101010000000010000000010000001001
10000100100000100010000000000010010100101000000010
11000000001010000000010000000010010100101001000100
10000100001000010000010000000000001100101000100000
10000100000010000000010001000000000000101000000000
10000000001010000010000000000000000000101000100000
10000101100100000000010000000000000000101000000000
10010100001010000101010000000010000000000000000000
10000101100000000000010001000010010100101000000010
10010100001010000000010101000000000000101000000000
10010100001010000000010001000010000000101000000001
10000101100100000000010000000000000000101000000000
11000000001010000010010000000010000100101100000000
10010100001010000000010001000010000000101000000001
10000000001000000000110111000000000000101000000000
10010100001010000000010101000000000000101000000000
10001000100010000000010001001011000010000000000001
10000101100000000000010000000010010100101001000010
10000100001000000000010000000000000000101000000000
10000101100000000010010000000010000001101000000000
10000000001010000010000000000010000100101000000000
10000100100010000000010000000010010100101000000010
10000100001000000000010000000000000000101000000000
00010100100010000000010001000000000000101000000000
10000100001000000000010000001011000000010000000001
10010100001010000000010001000010000000101000000001
10000000001010000000010101000000000000101000000000
10000000101000000000010000000010100100101000100000
10000000100010000000010000000010000010000000000000
10000000001010000010000000000000000000101000100000
10000000100010000000010000001010010100101001000100
10010100001010000100000000000010000010000000000001
10000101100100010000010000000000001100101000100000
10010100001010000101010000000010000000010000001001
10000000001010000010000000000000000000101000000000
10010100001010000000010101000000000000101000000000
11000000001000000000010001000010010100101000000010
10010100001010000000010001010010000010000000100000
10000000001010001010000000000010000100101000100000
10010100001010000000010001000010000000101000000001
10000000001000000000010001010010000010000000100000
10000000100010000000010000000010100100101000100000
10000000100010000000000000000010000100100000100000
10010100001010000010010000000010000010000000100000
10000000001000000000010101000000000000101000000000
10000000001000000000110101000000000000101000000000
10001000100010000000010001001011000010000000000001
10010100001010000010010000000000000000000000100000
10010100001010000000010101000000000000101000000000
10000000100010000000010000001010010100101001000100
10000000100010000000010001010010000010000000100000
10010100001010000010010000000000000000010000000001
10000000001010000010000000000010000100101000000000
11000000001000000000010001000010010100101000000010
10000000001000000000010001010010000010000000100000
10001000100010000000010001001011000010000000000001
10000100001000000010000000010010000010101000000000
10010100001010000101010000000010000000010000001001
10010100001000000000010001010010000010000000100000
10010100001010000010010000000100000000101000000000
10000101100000000000010000000010010100101001000010
10000101100000000010010000000010000100101000000001
10000100001010100010000000010010000010101000000000
10000000100010000000010001010010000100101000010010
10100101100000000000010001010010000010000000000001
10000101100000000000010000000010010100101001000100
10000101100000000010010000000010000100101000010010
10000101100100000000010000000000000000101000000000
10000000001010000010000000000000000000000000000000
10000100001000000000000000000010000100100000100000

