1 19 155 379 454 926 931 936 950 968 1151 1805 1875 1885 2001 2020 2109 2259 2656 2731 3002 3072 3161 3353 3409 3488 3670 3703 3904 4213 4727 4746 5008 5134 5255 5526 5835 6251 6770 6821 6882 6990 7088 8116 8187 8518 8724 8752 9341 10001
00000000010001000000010001000010000000001000000000
00000000010101000000010001000010000000111000000010
00000000010000100000000100010110100000100000000010
00100000101000100000000000010100000000001000000001
00000000010001000000010001000010000000001000000000
00100000101000100000010000000010000000100000001011
00000000100001000000010001000110000000001000000000
00000000010001000000000000010100000000001000000001
00000000101000010001010000000010000000001000000000
00100000101000100000010000000010000000100000001000
00100000101000100000000000010100000000001000000000
00000000010001000000010001000010000000001000000000
00100000101000100001010000000000000000001000000010
00100000010001000000010000000010001000101000000010
00001100010001001000000000010110000000000100000011
00000000010001000000010001000110000000001000000010
00100000101001000000010000000010000000101000000001
01010010010010000000010010000010000000001000000001
00000000010000100000000000010110000000001000000000
00100000101000100000000000010100000000001000000000
00000000010000100100000000010110000100101000000010
00100000101001000000010000000010000000101000000001
00000100010001000000000000010110000000001000000000
00000000010000000000000000010100000000001000100010
00000000010001000000010001000010000000001000000001
00100000101000100000010000000010000000100000001000
00100000101000100001010000100000000000001000000011
00100000010001000000010000000010001000101000001001
01010010010010000000010010000010000000001000000001
00100000101000100001010000000000000000001000000010
00000000010001000000000000010100000000100000000010
00100000101000100000000000010100000000001000000001
01010010010010000000010010000010000000001000000000
00000001010000100000000000010110000000001000001001
00100000010001000000010000010100000000001000000000
00100000101000100000000000000000000000001000000001
00100000101000100000000000010100000000001000000000
00000000101000010001010000000000000000001000000101
00100000010000100000010000000110000000001001000000
00100000101000100001010000000000000000001000000010
00000000101000100000000000001010000000001000000000
00100000101000100000000000010100000000001000000000
00000001010000100000000000010100000000001000000010
00000000101000100000000000001010000000001000000000
00000000010010000000010001000110000000001000000011
00100000101000100000000000010100000000001000000001
00000001010000000000000000010100000000101000000101
00100000010000000000010000000010000000001000001000
00100000101000100001010000000000000000001000000000
00100000101000100001010000100000000000001000000011
00000000010000100000000000010110000000001010000001
00100000011000010001010000000000000000001000000011
00100000101000100001010000000000000000001000000000
00100000101001000000010000000010000000101000000001
00000100010001000000000000010110000000001000000000
00000000010001000000001000010110000000001000000000
00100000101000100000000000001010000000001000000000
11010010010010000000010010000010000000001000000000
00000000101000010001010000000000000000001000000010
00100000101000100000000000000000000000001000000001
01010010010010000000010010000010000000001000000000
00000001010000000000000000010100000000001000100010
00000001010000100000000000010110000000001000001001
00000000010001000000000000010100000000100000000010
00100000101000100000000000010100000000001000000000
00100000101000100000000000010100000000001000000001
00100000010000100000010000000110000000001001000000
00000000010001000000010001000110000000001000000000
00000000010001000000000000010100000000001000000001
00000000010001000000000000010110000000100000000001
00000000010001000000010001000110000000001000000000
00100000010001000000010000000010001000001000000010
00000000101000010001010000000000000000001000000011
00000001010000100000000000010100000000100100000011
00100000101101000000010001000010000000111000000000
00000000010001000000010001000110000000001000000010
00000001010000000000000000010100000000001000000010
00000000101000000010100000010110010000001000000000
00100000101000100000000000010100000000001000000001
01010010010010000001010000000000000000001000000011
00000001010000100000000000010100000000100100000011
00000000010101000000010001000010000000111000000010
00000000010000100000000000010110000000001000001001
00100000010000100000010000000110000000001001000000
00000000010001000000000000010100000010001000000000
00000001010000000000000000010100000000001000000010
00100000101000100000000000010000000000001000000000
00000000010001000000000000010100000000100000000001
00000000010001000000000000010100000000100100000011
00100000101000100000000000010000000000001000000010
00100000010000000000010000000010000000001000001000
00000000010001000000001000010110000001101000000101
00000000010001000000010001000010000000001000000000
00100000101000100000000000000000000000001000010000
00000001010000000000000000010100000000001000000011
01010010010010000000010001000110000000001000000000
00100000101000100001010000000000000000001000000011
00100000101000100000000000010100000000001000000000
00000000101010000000010010000111000000100000000001
00000000101000010001010000000000000000001000000011

