1 82 306 595 601 666 982 1643 1970 2003 2063 2150 2706 2854 3241 3399 3448 4081 4087 4250 4523 4703 4861 4867 5232 5494 5920 5996 6154 6160 6307 6373 6667 6684 6727 6793 6809 7349 7578 7753 7802 8217 8326 8620 8975 9226 9526 9570 9853 10001
00011000000001000001100010111000000110000001000000
00011000100001000000100000110100001110000101001000
00000000000000000000100010111000000110000101000000
11011001000001000000100010110000000110000100100010
00011000000001000000100000111010000110000000100000
01011100000001000001100000111000000110000001000000
00011100000001000000100010110000000110000100100010
01011100000011000000100000111010000110000001000000
00011100000001000000100000110100000110000101000000
00011100000001000001100000111000000110000100100000
00111000010001000000101001000001000001001101000000
00011000000001000001100010111000000110000001000000
00111000000001000001100000111000000110100001000000
00000000000000000000100000111010000110001101000000
00011001000001100000100010111000000110000001001100
00111000000001000000100010110000000110000100100000
11011001000000000000100000111010000110000101000000
11011001000001100000001000110100000110000101000000
00111000001001000000100010111000000111000001000000
00111000010001000000101001000001000001001101000000
00011000000001000100100000100001110110000001000000
11011001000001100000100010111000000110000001101100
00111000001001000000100010111000000111000001000000
00011000100001000000100000110100000110000101001000
11011001000001100000001001000001000001001101001100
00011100000001000001100000111000000110000100100000
01011001000011000000100000111000000110010101000010
01011001000001100000001010111000000110000101001100
11011001000001100000001001000001000001001101001100
00111000000001000001100000111000000110100001000000
00000000000000000000100000111010000110001101000000
11011001000001100000001001000001000001001101000000
00011100000001000000100000110100000110000101000000
01011001000001100000001010111000000110000101000000
00111000010001000000101001000001000001001101000000
01011001000011000000100000111010000110000001000000
00111000010001000000101001000001000001001101000000
01011100000001000000100000110100000110000101000010
00011000000001000000100010111000000110000100101100
00111000000001000001100000111000000110100001000000
00011100000001000001100100101000000110000111001101
00111000010001000000101001000001000001001101000000
00111000000001000000100010110000000110000100100010
00011100000001000001100100111000000110000101000000
01011001000011000000100010111000000110000101001100
11011001000001100000001000111000000110000001000000
01011100000001000001100000111000000110000001001100
00011000000001000000100000101000000110000101001100
00011000000001000000100000110100000110000101000000
01011001000011000000100000111000000110010101000010
11011001000001100000001001000001000001001101000000
01011001000011000000100000101000000110000001000000
00011000000001000000100000110100000110000101000000
11011001000000000000100000111010000110000101100010
00111000001001000000100010111000000111000001000000
00011100000001000000100000110100000110000101000000
00011100000001000001100100101000000110000111001101
00011100000001000000100000111000000110000001001100
00011000100001000000100000110100000110000101001000
01011001000011000000100000111010000110000001000000
00011100000001000000100000110100000110000101000000
00011000100001000000100000110100000110000101001000
01011001000001100000001010111000000110000101000000
00000000000000000000100000111010000110001101000000
00011100000001000000100000101000000110000001000000
01011100000011000000100000111010000110000001000000
00011000000001000000100010111000000110000001001100
00011100000101000000100000111010000110000000100000
01011100000001000000000010111000000110010101000000
11011001000001100000001001000001000001001101000000
00011000000001000001100000101000000110000101001100
00111010000011000000100010101000000110000100100010
01011100000001000001100000111000000110000001000000
00011001000001000000100000101000000110000101001100
00011000000001000001100000111000000110000001000000
00011000000001000100100000100001110110000001010000
00011000000001000100100000100001110111001101000000
00011000000001000001100000111000000110000001001100
01011100000011000000100000111010000110000001000000
01011001000011000000100000101000000110000001000000
00011001000001100000100010111000000110000001001100
00011000100001000000100000110100000110000101001000
01011001000001100000001010111000000110000101000000
00011000000001000000100010111000000110000100101100
00111000010001000000100010111000000110000000100000
00011000000001000001100010111000000110000101000000
00011000000001000000100010111000000110000100100000
01011100000011000000100000111010000110000001000000
00011001000001000000100000110100000110010101000000
00011000000001000001100010111000000110000101000000
00011000000001000000100000101000000110000101001100
01011100000001000001100000111000000110000001001100
00011000000001000000100000111010000110000000100000
00111000000001001000100010111000000110000001000000
01011001000011010011100010111010000110000101001000
00011000100001000000100000110100000110000101001000
01011001000011000000100000101000000110000001000000
00111000010001000000101001000001000001001101000000
11011001000001100000011001000001000001001101000000
01011100000011000000100000101000000110000101000000

