1 140 516 638 714 790 1028 1158 1768 2374 2472 2697 2742 2890 3056 3096 3392 3670 3765 4249 4487 4801 5048 5501 5626 5747 5788 5940 5940 5945 5981 6219 6577 6788 6950 6990 7179 7183 7277 8031 8291 8475 8883 9251 9601 9803 9852 9992 9996 10001
00010100010001101100000011010111001000110000000000
00010100000000000100101000010101001000110001011001
00000000011001101100000000001001011000110001000000
00000100000000000100101000010101001000110001001001
00010100010001101000000000101010100000110001000000
00010100010001101100000011010110001100100000000000
00000101000011000000000000001001001000100000000010
00010100010001101100000011010110001100100001011001
00010100010001101100000011010110001100100001011001
00000000000101010000000000001001001000110001001001
00000100000101010000000000010100100000000001011001
00010100000000101100000000001000100000000001000000
00000000000101010000000000001001001000110001001001
00010100010001100100101000010101001000110011001001
00010100010001101100000011010110001100100000000000
00000000010000000100101000001001001000100000000010
00010100010001101100000011010110001100100000000000
00000100010001101100000011010110001100100001011001
00010100010001101100000000001011001000110001001001
00000100000011100001000000001001001001110000000000
00010100010001101000000000101010100000110001000000
00010000010000000100101000001001001000110000000000
00010100000000000100101000010101001000110001011001
00000100010001101100000011010110001100100001011001
00000000000101010000000000001001001000100000000110
00000000010001101000000000001010100000110001001001
00010100010001101100000000001010100000110001001001
00000100010001101000000110001001001000010000000000
00000100010001101100000011010110001100100000001001
00000010000001010100010000001001001000110001000000
00000101000011000000000000001001001000010001000000
00000000000101010000000000001001001000100000000010
00010100010001100100101000010101001000110001001001
00000100010001101110000000001001001000110001011001
00000000000101010000000000001001001000100000000010
00010100010001100100101000010101001000110011001001
00010100010001100100101000010101001000110001001001
00000100000000000100101000010101001000110001001001
00000000000101010000000000001001001000100000000010
00010100000001010100010000001001001000111001001001
00000100010001101100000011010110001100100001011001
01100000010000000100101000010101001000110001001001
00000000010000000100101000001001001000100000000000
00010100010001101100000000001001001000100100000000
00000000110001000110000000001001001000100100000010
01100000010000000100101000001001001000110000000000
00010100010001101100000011010111001000110001011001
00000000000101010000000000001001001000100000000010
00000000000101010000000000001001001001110000000010
00000000000101010000000000001001001000110001001001
00000100010001101100000011010110001100100001011001
00010100010001101100000011010110001100100000000000
00000000011001101100000000001001011000110001000000
00000100010001101100000011010110001100100001000000
00000100000000000100101000010101001000110001001001
10000100110001001000000000001010100000110001001001
00010100010001101100000010001001001000110000000010
00010100010001100100101000010101001000110001001001
00000101000011000000000000001001001000100000000010
00010100010001100100101000010101001000010000000000
00000000011001101100000000001001001000110001000000
00000100010001101100000011010110001100100000001001
00000100000000000100000010010100001100100000000000
00010100010001100100101000010101001000110001001001
00000100000011000000000110010100100010000000000010
00011100000001010100010000001001001000110001001001
00000000000101010000000000001000100000000001011001
00010100010001101100000011010110001100100000001001
00000100010001101000000011010110001100110000000010
00010100010001101100000011010110001100100001011001
00000100010001101110000000001001001000110001000000
00000010000001010100010000001001001000110001000000
00010100010001101100000011010110001100100001011001
00000000000101011100000011010110001100100000000000
00000000010000000100101000001001001000110000000000
00000000000101010000000000001000100000000001011001
00000101000011000000000000001001001000010001000000
00000000011001101100000000001001011000110001000000
00010100000001010100010000001001001000110001001001
00010100010001101100000000001010100000110001001001
00000000000011100001000000001001001000110001000001
00010100010001101100000011010110001100100000000000
00000000010000000100101000001001001000100000000010
00000000010000000000000000001001001000100000000010
00010100010001101100000011010111001000110000000000
00000100000011100001000000001001001001110000000000
00010100000000101100000011010110001100100001011001
01100000010000000100101000001001001000110000000000
00000000011001101100000000001001001100100000001001
00000100010001101100000000001001001000100000000000
00010100000101010000000000001001001000100000000010
00010000010000000100101000001001001000110000000000
00000100000011100001000000001001001001110000000000
00000100000011100001000000001001001001110000000000
00000000010000000100101000010101001000110001101001
00000100000011000000000110010100100010000000000010
00000000011001101100000000001001001000110001000000
00010100010001100100101000010101001000110001001001
00000000010001101000000000010101001000110001001001
00010100010001101000000000001010100000110001000000

