1 8 62 170 256 609 1264 1624 1826 2099 2452 2596 2715 2931 2956 2995 3049 3053 3348 3723 4133 4561 4752 5825 5969 6037 6062 6293 6322 6404 6642 6790 7063 7574 7632 7650 7653 7927 8262 8492 8651 8773 8813 8856 8960 9173 9173 9633 9749 10001
00000000000000000000100000000110000000000000000001
01000000000000000001000100011010100111000000000010
00000000010100000000000100010010100000000010000000
00000001011010000000000100011010100000000011001000
01000000011010000000000000000011000000100010000000
00000100000000000000000100011010100111000000000000
00000001011010000000000100011010100000000111001001
00000000011000000000110000000011000000000010000010
00000100000000000000000010010010100000000000100000
00000001011010000000000100011010100000000011001001
00000001011010000000000100011010100000000000000000
00000000000000000000100000000110000000000000000001
00000000010100000000000100011010100000000000000000
00000001011010000000010000010010000000000010000001
00000001011010000000000101010010000000000000000001
00000100000000000000000100011010100001000000000000
10000000000000000000100000000110010000000010000000
00000100000000000000010000000010010000000010000001
01000000101001100010000100000001100000000010001001
00000001011010000000000100011010100000000000000000
00000000011000000000100000011010000000000000000000
00000001011010000000000000000011010000000010000000
01000000101001100010000100000001100000000000000010
01000000000000000000000100011010100111000000000010
00000001011010000000000000000011000000100010000000
00000011011010000000000100000011001000000000000001
00000001011010001000100000000110010000000010000001
00000001011010000000000100011010100000010011001001
00000001011010000000000101010010000000000000000001
00000000010100000000000100011010100000000000000000
10000100000000000000100000000110010000000010000001
10000000000000000000100000100110010000000010010001
00000100000000000000000100011010100000000000100010
00000000011000000000110000000010000000000010000010
10000000000000000000100000000110010000000010000001
00000000011000000000110000010010000000000010000001
00000001011010000000000100011010100000000000000000
00000001010000000000100000000110010000000010000001
00000001011010000000000000000011000000100010000000
00000000011000000000111000000011000000000000100010
00100000011000000000000010010010010000000010000001
00000001011010000000000100011010100000000000000000
00000001011010000000000100011010110000000010000001
10000000000000000000000100011010100111000000000000
00000001011010000000100100010010000000000010001001
00000001011010000000100000000110010000000010000010
00010100000000000000100000000110010000000011001001
00000001011010000000000100011010100111000000000010
00000100000000000000000100010010000000000010001001
00000001011010001000100000000110010000000010000001
10000000000000000000100000000110010000000010000000
00000000011000000000110000000010000000000111001001
00000100000000000000000100010010000000000010001001
00000001011010000000000100011010100000000011001001
01000000101001100010000100000001100000000000000010
00000100000000000000000010010010100000000000100000
00100000011000000000000010010010010000000010000001
00000001011010000000000101010010000000000011001001
01000000000000000000000100011010100111000000000010
00000000011000000000110000010010000000000010000001
00000100000000000000000010010010100000000000100001
01000000000000000000000100011010100111000000000010
00000000011000000000110100010010100000001000000001
10000100000000000000100000000110010000000010000001
00000000011000000000110000000110010000000010000010
00000000011000010000110000000011000000000010000010
00000001011010000000100000000011000000000000100010
01000000011000000000000010010010100000000111001001
00000001011010000000000100000011001000000000000001
10000000000000000000000100011010100000000000000000
00000000011000000000000100011010100111000000000000
00000001011010000000100000000110010000000010000001
00000000011000000000110000000110010000000010000010
00000000011000000000110000000110010000000010000010
00000001011010000000100000000110010000000010000010
00000000011000000000110000000110010000000010000010
10000000000000000000000010010010000000000010000101
00000001011010000000110000000110010000000010000000
00000000011000010000110000000011000000000010000010
00000000011000000000110000000010000000000111001001
00000001011010000000100000000110010000000010000001
01000000000000000000000100011010100111000000000010
00000001011010000000000100011010110000000010000001
00000001011010000000000000000011000000000010000001
01000000011000000000100000000110010000000010000001
00000100000000000000000100011010100111000000000000
00000001011010000000100100000110000111000000000010
00000000011000000000110000000011000000000010000010
10000000011000000100110000000110010000000010000000
10000000000000000000000100011010100111000000000000
00000001011010000000000100011010100111000000000010
00000001011010000000100000000110010000000010000001
01000000011000000000000010010010100000000000100000
00000000000000000000100000000110100000000111001001
01000000000000000000000100011010100111000000000000
01000000000000000000000100011010100111000000000010
00000000011000000000100100000001100000000010001001
00000001011010000000000100011010100000000000000000
00000000000000000000100000000110010000000010000010
00001001011010000000100000000110010000000010000010

