1 425 429 454 751 821 1110 1147 1213 1811 1860 1963 2549 2652 2866 3242 3460 3584 3662 3757 3823 3885 4269 4450 4842 5135 5250 5617 6792 6912 6957 7114 7184 7716 7798 7873 7939 7963 8132 8450 8780 9155 9233 9250 9605 9728 9732 9761 9910 10001
00000010000000010000000000000000000010100000000000
00000010000000100001110000100000000000010000000000
00000010001000100000100000010100000101001001010000
00001010000000010000100010000000000100001001010000
00000010001000100000100000010000100010100010001010
00100010111000010100110000000000000000010000000000
00100000001000000000100000010101011100001100001010
00000000001000000000100000100000000000010010001010
00000000001000110100110000000000000000010000000001
00100010111000010100110000000000000000010000000000
00001010000000000000100000000000000000010000001010
00000010000000010000000000000000000010100000000000
00000010001000010000100000100000000000000001010000
00000010001000010000100000100100000101001001010000
00100010101000000000100000000000000000010000000000
00000000001000100000100000000000000000010001010000
00100000001000000000100000010000000000000010001010
00000010000000100000100000100000000000010001010000
00010010001000000001110000100000000000000001010000
00001010000000000000100000000000000000010000001010
00000010000000100000100000010101000100001001010000
00000010001000100000100000100000000100001001010000
00000010001000000000100000000000000000010000000000
00000010000000100000100000010100000100000000000000
00000010001000000001110000110100000100001001010000
00100010101000000000100000000000000000010000000000
00000010000000100000100000100000000000010000000000
00100010101000000000100000010100000101001001010000
00100010101000000000100000010100000000000001010000
00000010001000010000100000100000000000000001010000
00000010000000100000100000010101000100000000000000
10100000001000000000100000100000000010100000000000
00000000001000100000100000000000000100001001010000
00100010100000100001100000010000000000010000001010
00000010001000100010100000100000000000010000000000
00000010001000000001100000010000000000001001101000
00001010000000000000100000000000000000010000001010
00000000001001001000100100100000000010100000001010
00000010001000100000100000010000100010100010001010
00001000001110000001110000110100000100001001010000
00000010000000100000100000100000000010100000000000
00001010000000000000100000000000000000010000001010
10100000001000000000100000100000000010100000000000
00000000001000100000100000000000000000010000000000
10100000001000000000100000000000000000010000001010
00100010101000000000100000010000000010100010001010
00100010101000000000100000100000000000010000010010
00001000001000100010100000000000000100001001010000
00000010001000100000100001000000000000010000000100
00000010000000100000100000100000000000010000000000
00000010001000100000100000010100000101001001010000
00000010000000100100110000000000000000010000000001
00000010001000100000100001000000000000010000000100
00100010111000010100110000000000000000010000001010
00000010001000000000100000000000000000010000000000
00000000001000110100110000000000000000010000000001
00000010000000100000100000100010000010100010001010
00100010101000000000100000000000000000000010001010
00000010000000100001110000100000000000010000000000
00000010001000000001100000010000000000001001101000
00000010000000100000100000010101000100000000000000
00000010000000100000100000010100000100000000000000
00000010001000000001100000010000000000001001101010
00000010000000100000100000010101000100000000000000
10100000001000000001100000100000000000010000000000
00000000000000000000100000010000000000001001101010
00001000001110000001110000110100000100001001010000
00000010000000100001110000100000000000000010001010
00000000001001001000100100100000000010100010001010
00001010000000010000100000100000000000010000000000
00000000001000110000100000000000000000010000000000
00000010000000100000100000100000000000010000000000
10100000001000000001100000100000000000010000000000
10100000001000000001100000100000000000010000000000
00100010101000000000100000000000000010100000000000
10100000001000000001100000100000000000000010001010
00000010001000010000100000100000000000000000000000
00000011001000010000100000010101000100001000000000
00000000000000000000100000010000000000001001101010
00000010000000100100110000000000000000010000000001
00000010000000100000100000010101000100001000000000
00000010000000100001110000100000000000010000000000
11100000001000100000100000001000000000010000000000
11100000001000100000100000001000000000010000000000
00000010000000100000100000010101000100000000000000
00100010111000010100111000000000000000010000000000
00000010000000100001110000100000000000010000000100
00000000001000000000100000100000000100001000000000
00000010001000000000100000000000000000010000001010
00000000001000100000100000000000000000001000001010
00001000001000100010100000000000000100001001010000
00000000001001001000100100100000000010100010001010
00000000001000110100110000000000000100001001010000
00100110101000000000100000000000000000010000001010
00001010000000000000100000010101011100001100001010
00000010000000100000100000010100000100000000000000
00010010001000000001110000100000000000000001010000
00001010000000000000100000000000000000010000001010
00100010101000000000100000000000000000010001010000
00100010101000000000100000000000000000010000001010

