1 35 57 191 199 273 316 372 480 636 675 705 805 1125 1298 1457 1544 2045 2365 2664 2927 3338 3494 4026 4112 4138 4449 4484 4657 4921 4942 5093 5392 6088 6295 6654 6732 7662 7662 8431 8578 8790 8928 9257 9551 9577 9659 9737 9871 10001
10000000010000000000100000000010010000010001000000
10100010000010000000000001000000010000010000110000
00001000000000000000000000010100010110010001000000
01001000000000000000000000000000010000000001000000
00000000000000000010000001010000010000010001000011
10000001000000000000000001000000010000010000110000
00000000000000000000000000000000110000001001000001
00000000000000000000000001010000010000010001000011
10000001000000000000000000010000010110010001000001
10000001000000000000000001000000010000010000110000
00000000100000000000000001010000010000010001000011
10000000010000000000100000000010010000010001000000
00000000001100000000000000010001010000001001000001
00001000000000000000000000010000011110010000000000
10100010000010010000000001000000010000010000100000
00001000000000000000000001110000010000010001000000
00000000000000000000000001010000000110110000100000
00001000000000000000000000000000010110000000000001
00000000000000000000000011010000010000000001000000
00000000100000000000000001010000010000010001000011
00001000000010000000010001000000010000010000100100
01001000000000000000000000000000010110000000000001
10100010000010000000000000010000010110000000000000
10000010000000000000000001000000010000010000110000
01001000000000000000000001010000010111010000000001
10100010000010010000000001000000010000010001000011
10000001000000000000000000010000010110000100000000
00000000000000000000000001000000110000001001000000
00000000001100000000000000010000010000010000000000
00000000001100000000000000010000010000010000000000
10100000000000000000000001010000010000010000101101
10000000000000001000100000010000010110010001000001
01001000000000000000000000000000010110000000000001
00000000001100000000100000010001010000000000000001
10100010000010000000000001000000010000010000110000
10000110000001000000000001010000010000010001000000
00000000100000000000000001010000010000010001000011
00000000000000000100000001010000010110000000000001
00000000000000000010000001010000010000010001000011
01001000000000000000000001010000010111010000000001
10100010000010000000000001000000010000010000110000
00000000100000000000000001010000010000010001000011
10000000000000101000100000010001010000001001000001
10000001000000000000000000010000010110000100000000
00000000100000000000000001010000010000010001000011
00000000000000000000000001010000010000001001000000
00000000001100000000100000010001010000010001000011
00001000000000000000000001010000010110000000000001
10000010000000000000100000010001010000010000100001
10000001000000000000000000010000010110000100000000
00001000000000000000000000010000010000010001000000
10000001000000000000000000010000010110010001000001
10000010000000000000100000010001010000010000100001
00000000001100000000000000010001010000010001000011
10100010000010000000010001000000110000001001000000
10000001000000000000000000010000010110001001000000
00000000000000000000000001010000010000000001000000
00000000000000000000000000010000010110010001000000
10000110000001000000000001010000010000010001000000
10000110000001000000000001010000010000010001000000
10100010000010000000010001000000110000010001000000
10010010000000000000000000010001010000010000101101
00000000000001000000000001010000010000010001000000
10100000000000000000000001010000010110010001000001
10100010000010000000000001010000010000010000100101
00000000000000000000000001010000010000010000100011
01001000000000000000000001010000010111010000000001
00000000000000000000000000011000010110010001000001
00000000000000000000000001010000010000010001000011
10100010000010000000010001000000010000010001000011
10000001000000000000000001000000010000010000110000
10000001000000000000000000010000010110010001000000
10100010000010000000000001010000010000010001000000
10100010000010000000000001010000010000010001000000
10000000000000001000100000010000000110010001000001
00000000000010000000000001010000010000000001000000
10000110000001000000000000010001010000010001000000
00000000000000000000000001010000010000000001000000
00000000000000000000000001010000010000010000100011
10000001000000000000000000010000010110010001000001
10000010000000000000001001010000010111010010000001
10000110000001000000000001010000010000010001000000
10100010000010000000000001010000010000010000100101
10100010000010000000010001000000110000001001000000
10100010000010000000010001000000110000010001000011
10000001000000000000100100010001010000010001000011
10000010000000000000000001010000010111010000000001
10000010000000000000000001010000010110010001000011
00000000001100000000000000010001010000010001000011
00000000000000000000010001000000110000010001000000
00001000000000000000000001010000010110000000000001
00000000000000000000000001010000010000010001000011
00001000000010000000010001000000110000001001000000
00000000001100000000100000010001010000010001000000
00000000000000000101000001010000010110010001000001
10010010000000000000000000010001010000010000101101
00000000001100000000000000010000010000010000000000
00000000100000000000000001010000010000010001000011
00001000000000000000000000000000010110000000000001
00000000100000000000000001000000010000010001000000

