1 69 528 602 602 636 931 937 1084 1323 1329 2367 2764 3048 3133 3332 3389 3508 3729 3911 4030 4348 4569 4796 5801 5846 5994 6016 6533 6556 6607 6646 6731 6993 7055 7305 7657 7742 7787 8094 8190 8252 8377 8389 8428 8701 8882 9024 9688 10001
00001000000100010000000000000010000010100010100000
00000100000000010100000000000000000010110000000000
00000100000000010000000000010000000110000100000100
00000100000000010000000000000000000010100000100000
11000100000101110001000000000001000010000000000100
00000100000000010100000000001000000010110000000000
11001000000000010000000000000000011010000000000100
11000100000100010000000000000000000010110000000100
11000100000000010000000000000010000010000000010100
00000100000000010100000000000000000010110000000000
11000100000101110000000000000000000010110001010100
00001000000100010000000000000010000010100010100000
11001000000000010000000000000000001010000000000100
00000100000000010000000000000000100100000000001100
00000100000000001000000010110000000110000000000000
00000100000000010000000001000000011010000000000100
00000100000000001000000010110000000110000000000100
11001000000101101000000000010000000010000000000100
00000100000000010000000000000000000010100000100000
11000100000101110000000000000000000010110000010100
00011010000000010000001000000000000100000000000100
11001000000000010000100000000000000010110000010100
00001000100010010000000100000000000010100000000100
00000100000000010000000000000000000010100000100000
11001000000000010000000000000000011010000000000100
00000100000000010000000000010000000110000100000100
00001000010101101000000000000000001010000000000100
00000100000100010000000000000000100100000000100100
00001000100000010000000100000000000010100000000100
00001000100000010000000100000000000010100000000100
11001000000000010000000100000000000010100000000100
11000100000000010000000000000010000010000000010100
11001000000000010000100000000000000010110000010100
11001000000000010000100000000000000010110000010100
00000100000000010100000000000000000010110000000000
00000100000001101000000000000000001010000000000100
11000100000101110000000000000000000010110000010100
11001000010000010000000000000000011010001000100000
11000100000101110001000000000001000010000000000100
11001000000000010000000000000000011010000000000100
00000100000000010100000000000000000010110000010100
11000100000101110000000000000000000010110000010100
11001000000000010000000000000000011010000000000100
00001000010000010000000000000000000010100000100000
11000100000101110000000000000000000010110000010100
00000100000100010000000000000000100100000000100100
11000100000100010000000000000000000010110000000100
11001000100000010000000100000000000010100000000100
11001001000000010000000000000000100100000000100100
00001000010101101000000000000000001010000000000100
00000100000000010000000000000000000010100000100000
11000100000000010000000000000001000010100000100000
11001001000000010000000000000000100100000000100100
11000100000100010000000000000000000010110000000100
00000100000100010000000000000000100100000000100100
00000100000100010000000000000000000010110000000000
00100100000000010010000000000100000010100000100000
00000100000000010000000000000000000010100000100000
00011010000000010000000000000000011010001000000100
00000100000001101000000000000000001010000000000100
00000100000000010000000000000000000010100000100000
11001000000001110000010000000001000010100000100100
00000100000000010000000000010000000110000100000100
11000100000000010000000000000010000010000000010100
01000100000001110000010000000000001010000000000100
11000100000100010000000000000000000010110000000100
11001000000000010000000000000000011010000000000100
11000100000000010000000000000001000010100000100000
11000100000101110001000000000001000010000000000100
11000100000101110001000000000001000010000000000100
00000100000000010100000000000000000010110000000000
00000100000001101000000000000000000010110000010100
00011010000000010000000000000000000010110000010101
00011010000000010000000000000000100100000000100100
11000100000000010000000000000001000010100000100000
00001000000000010000000000000000100101000000100100
00000100000000010000000000000000000010100000100000
00000100000000010000000000000000000010100000100000
11000100000100010000000000000000000010110000000100
11000100000000010000000000000001000010100000100000
11000100000000010001000000000001000010100000100000
00011010000000010000010000000001000010100000100100
01000100000001110000010000000000001010000000000100
00000100000100010000000000000000001010000000000100
11000100000101110000000000000000000010110000010100
11000100000100010000000000000000000010110000000100
11001000001000010000000000000000011010000000000100
11000100000000010000000000000000000010100000100000
11000100000100010000000000000000000010110000000100
00000100000000010000000100000000000010100000000100
11001000100000010000000100000000000010100000000100
11000100000101110001000000000001000010000000000100
00000100000100010000000000000000100100000000100100
00000100000000010000000000000000000010100000000100
11000100000000010000000000000001000010100000100000
11001000000001110000010000000001000010100000100100
00001000100000010000000100000000000010100000000100
11000100000101110000000000000000000010110000010100
11001000000101101000000000010000000110000000000110
00011010000000010000000000000000100100000000000100

