1 389 555 739 909 1239 1351 1986 2113 2144 2174 2240 2317 2340 2421 2575 2952 3129 3167 3906 4421 4587 4937 5449 5726 5899 6145 6445 6515 6703 6795 6926 7015 7069 7226 7388 7780 7915 7915 8115 8538 8619 8681 8700 8942 9069 9250 9543 9650 10001
01000001000001000100000000001100111011000001000000
01000000110000000101101000000100111000000110000000
00001001010000100000000000000100111000000000000000
01000001000000000100000000001100111001010000000000
00000001000000100000000000000100110000100110000010
01000000110000000101100000000100111000000110000000
00000000110000000100000011000100111000001000000000
10100000000000000100000011001001111000001000000000
00000001000000000100000100000100000000000110000010
01000000110000000101100000000100111000000110000000
00000001000000100000000011000100111000000000000000
01000001000001000100000000001100111011000000000000
00000001000000000100100000000100110000100000000000
00000001000000000100100000000100111001000000000000
01000001000000000100000011001100111000000110000010
01000000110000000000100000100100111000000000100001
01000000110000000000100000000100111000000110000000
00000000110000000100000011000100110000000110010010
01000001000000000100000000001100111001000000000000
00000001000000100000000011000100111000000000000000
00000001000000100000000100000100111000001000000000
00000001010000000100000000000100111000000110000010
00000001000000000000100000000100111000000110000000
01000001000000100000100011001100111000000110000010
00000100110000000100000011000100111000001000000000
10100000000000000100000011001001111000000000000000
00100001000000100000000000000100110000000110000010
01000001000000000100000000000100110000100000000000
00000001000000000100000011000100111000000110000010
00000001000000000100000011000100111000000110000010
00001001011000100000000000000100110000100000000000
00000001000000000100000000001100111001000000000000
00000001000000000100000100000100000000000110000010
10100001000000000100100010010100000100000110000000
01000000110000000101101000000100111000000110000000
00000001000000100000100011001100111000010000000000
00000001000000100000000011000100111000000000000000
01000001000001000100000000001100111001000000000000
00000001000000100000000000000100110000100110000010
00000000110000000100000011000100111000000000000000
00000001000000100000000100001100111001000000000000
00000001000000100000000011000100111000000000000000
00000000110000000100000011000100111000000000000000
01000001000000000100000000001100111001000000000000
00000001000000100000000011000100111000000000000000
01000001000000000100000100000100111000001000000000
10100001000000100100000100000100111000001000000000
00000000110100000000000000000100111000001110001010
00100001000000100100000000000100110000100000000000
00100001000000100000000000000100110000000110000010
10100000000000000100000011001001111000000000000000
01000001000000100000000011001110111000000110000010
00100001000000100100000000000100110000100000000000
10100001000001000100000000001100111001000000000000
01000001000000000100000000000100110000100000000000
01000000110000000101100000000100111000000000000000
01000001000000000100000000000100110000100110000010
01000001000000100000100011001100111000010000000000
01000000110000000000100000000100110000000110010010
00000001000000100000100011001100111000010000000000
01000001000000000100000000000100110000100110000010
10100000000000000100000000000100110000100000000100
00001011010000100000000000000100111000000000000000
00000001000000000100000000001100111001000000000000
00000001000000001100100010010100111000000000000100
10100000000000000100000011001001111000000110000010
00000000110000000100000011000100111000000000000000
00001001010000100000000000000100111000000000000000
00000001000000100000000011001100111000010000000000
00000001000000100000000000000100110000100110000010
01000000110000000101100000000100111000000110000000
00000001000000100000000100000100111000001000000000
01000001000000000110000011001100111000010000000000
00000000110100110100000000000100110000100000000000
00001001010000100000000000000100111000000000000000
00010001000000000100110011001100111000000000000010
01000001000000100000100011001100111000010000000000
01000001000000000100000000000100110000100110000010
10100000000000000100000011001001111000000110000010
01000001000000100000000011001110111000000110000010
01000001000001000100000000001100111001000000000000
10100001000001000100000000001100111000100000000000
00000001000000001100100010010100111000000000000100
00000001000010100000000000000100110000100010000010
00000001000000100000000011000100111000000000000000
10100000000000000100000011001001111000000000000000
00000000110000000100000011000100111000000000000000
01000001000000000100000000000100111000010000000000
10100001000000100100000100000100111000001000000000
00000001000000000100000011000100111000000110000010
00000000110100000000000000000100110000100000000000
00000001000000100000000000000100110000100000000000
01000001000000000100000000000100110000100000000000
00000000110100000000000000000100111000001110001010
01000000110000000000100000000100111000000110000000
10100000000000000100000000000100110000100000000100
01000001000000100000000000001100111000000000000000
00000001000000100000000011000100111000000000000000
00000001000000000100000100000100110000100110000000
00100001000000100000000000000100110000000110000000

