1 87 189 377 869 917 975 1216 1250 1481 1539 1636 1838 2340 2355 2948 2991 3015 3199 3310 3358 3411 3411 3758 3802 3913 4487 4646 4694 4800 5423 5625 5871 6074 7145 7299 7357 7724 7806 7892 8037 8042 8105 8187 8206 8404 8544 9364 9528 10001
00100001111100000000100000000100000100000000010010
00100000010101000000100000000110010000000010000010
00100001111100001000000000100000000100000000000000
00100000110101000000100000000100000100000000010000
10010000000001000000000000000101000100000000010000
00100000010101001000000000100001000000000010000010
00100000010101010000000000010000000000000010001010
00100000010101010000000000010000000000000010101010
10000000000001000000100000000000000100000000000000
00100100010101000000000000000100000100000000000000
00100001111100000000100000100000001100000000000010
00100001111100000000100000000100000100000000010010
00100000010101000000100000000100000100000000010010
00100000010101000110000000010000001100000000000000
10100000000000000000000000000100000100000000010010
00100000110101100000101001100000000100000000000000
00100000010101001000000000001100000000000000000000
10000000000000000000000000010000000000000010001010
00100000010101000001000000010000000000000010001010
00100001111100000000100000100000001100000000000010
00100000010100000000100000100000000100000000010000
10010000000001000000100000000100000000000010000010
00100000010101000110000000010000001100000000000000
10000000000000000000000000010000000000000010001010
00100000010101010000000000010000000000000010001010
00100000110101000000100000000100001100000000000110
10010010000011000001010000100000000100000010000010
00100000010101000000100000000100001100100010000110
10010000000001000000000000000100000100000001000010
10010000000001000000000000000100000100000001000010
00100000110101000000100000000100000100000000010000
00100000010101000000000000010000000000000010001010
10000000000001000000100000000000000100001000000000
00100000110101000000100000000100001100000000000110
00100000010101000000100000000110010000000010000010
01100000110101000000000000000100000100000000000000
00100001111100000000100000100000001100000000000010
00100000010101000100000010000100000110000000010000
10010000000001000000000000000101000100000000010000
00100001111100000000100000000100101101000000000000
00100000010101000001000000100000000100000000010000
00100001111100000000100000100000001100000000000010
00100000010101000000100000000100010000000010000010
00100000010101000001000000010000000000000010001010
10010000000001000000100000000100001100100010000110
00100000010101010000000000000100000000000000000010
00100000010101010000000000000100000000000000000010
10000000000000000000000000010000000000000010001010
00100100010101000000000000000100000100000000000000
10010010000011000001010000100000000100000010000010
00100000100001000001010000100000000100000000000000
10100000000000000000000010000100000100000000010001
00100100010101000000000000000100000100000000000000
00100000010101000100000010000100000110000000010000
00100000010101000000100000000100001100100010000110
00100000110101000000100000000100000100000000010000
10010000000000000000000000000100000100010000000000
00100000110101000000100000100001000000000010000010
10000000000000010000000000000100000000000000000010
01100000110101000000000000000100000100000000000000
10010000000011000001010000100000000100000000000000
00100000010101000110000000000100101101000000000000
00100001111100001000000000100000001100000000000110
00100000010101000000000000010000000000000010001010
00100000010101000110000000000100101101000000000000
10010000000001000000000100000101000100000000010000
00100001111100000000100000000100101101000000000000
00100001111100000001010000100000000100000000000000
00100000110101000000100000000100000100000000010000
10010000000001000000000000000101000100000000010010
00100000010101010000000000000100000000000000000010
00100000010100000000100000100000000100000000000000
00101000010101000000101001100000000100000000000000
00100000010101010000000000000100000000000000000010
00100001111100000001010000100000000100000000000000
10000000000001000001010000100000000100000000000010
00100000110101000000100000100001000000000010000010
10010000000001000000000000100000000100000000000010
10010000000001000000000100000101000100000100010000
10100000011100000000100000000100101101000000000000
00100000010101000001000000000100100100000001000000
00100100010101000000101001100000000100000000000000
00100000010101000110000000000100101101000000000000
10010000000000000000000000000100000100010000010000
00100001111100000000100000100000001100000000000000
00100000110101000000100000000100001100000000000110
00100001111100000000100000000100101101000000000000
00100000110101000000100000100001000000000010000010
00100000010101000001000000010000000000000010001010
10010000000001000000000000000100000100000001000010
00100100010101000000000000000100000100000000000000
00100100010101000000000000000100001100000000000111
00100100010101000000100000100000001100000000010000
10100000000000000000000000000100000100000000010010
00100000010101000110000000000100000100000000010000
00100000010101000110000000000100101101000000000000
00100000010101000110000000100000001100000000010000
00100001111100000000100000100000001100000000000010
00100000010101000110000000000100101100000000000110
00100000010101000110000000010000001100000000000010

