1 276 712 817 891 1540 1913 1935 1965 2267 2751 3314 3392 3400 3400 3642 3683 3705 3817 3836 3966 4097 4134 4201 4279 4283 4488 4667 5043 5498 5532 5822 5834 5871 5875 6124 6139 6385 6415 6702 7809 7861 7895 8122 8741 8826 8867 8882 9464 10001
00000101101010000000100000011000000000000010000100
01000000001010010010000001000001100000000000001000
00000101101010000000100000011001100000001000000010
01010000000000000000000000000001100000100001000000
01010000000010000000000001000001100000000000000000
01001001101000000000000000000001100000000000000000
01010001100101100000000101001001100000000000000010
01010001100101100000000101001001101000000000000010
00001011110000000000010001001001100000000000100000
00000101101010000000100000011001100000100001000000
01010100000101100000001000000001100000000000001000
00000101101010000000100000011000000000000010000100
00000101101010000000100000011000000000000000000010
00001001100000000000000000000001100000100000000000
00000101101010000000100000011000000000000010000100
00001001100000000000000000000001100000000000001000
00001001100000000000000000000001100000100001100000
01010100001010010010000001000001100000000000001000
01010100000000000000000000011001100000000000000000
01010100000101100000001000000001100000000000001000
01110100001000000000000000000001100000000000000000
00001001100101100000000011100001100100000000000000
01110100001010010110000011000001100000000010000000
01010100000000000000000001000001100000000000000000
01010001100101100000000101001001100000000000000010
00010000000000010000000000000001100000001000000000
01010100001010000000100000010001100000000000001000
00001001101000000000000000000000000000001001100000
00000100000010000000000001000001100000001000001000
00000100000010000000000001000001100000001000001000
01010100000000000000000000011001100000000000000000
01010100000000000000010001000001100000000000000000
00001011110000000000000000011001100000000000000010
00010000000000010000000001000001100000001000001000
01000000001010010010000001000001100000000000001000
00000101101010000000100000011001100000100001000000
01010100000101100000001000000001100000000000001000
01010100001010010010000011000001100000100000000000
01010000000010000000000001000001100000000000000000
00000001100101100000000101001001100000000000000010
01110100001010000000100000010001100000000000001000
01010100000101100000001000000001100000000000001000
01000000000000000000000001000001100000000000010000
01010100000000000000000000011001100000000000000000
00001011110000000000000000011001100000000000000010
01010100010010000000000001000001100000001000000000
01010100010010000000000001000001100000000000000000
01010100001010010010000001000001100000000000001000
00000101101010000000100000011001100000100001000000
01010100001010000000100000010001100000000000001000
00001100000010000000000001000001100000000000001000
01000000000101100000000001000001100100000000000000
00000101101010000000100000011001100000100001000000
01010100001010010010000011000001100000100000000000
00001001101000000000000000000000000000001001100000
01010100001010010010000011000001100000100001000000
00001001100000000000000000000001100000100000001000
01000001100101100000001000000001100000000000000000
01010100010010000000000001000001100000000000000000
00000101101010000000100000011001100000100001000000
00001001101010010000000000000001100000000000000000
00000001100101100000001000000001100000001000000000
01010100001010010010000011000101100000000000001000
11010100001010010010000011000001100000001000000001
00000001100101100000001000000001100000000000000000
01010000000000001000000001001001100000000000000000
00000001100101100000001000000011110000000000000000
00001100010010000000000000010001100000000000000000
01010100000000000000000000011001100000000000000000
00001001100101100000000011000001100000000010000000
01010100010010000000000001000001100000000000000000
00001100000010000000000001000001100000000000001000
00001001100000000000000000000001100000000000001000
01010100010010000000000001000001100000000000000010
00001100000010000000000001000001100001000000000000
01010001100101100000001000000001100010001000000000
01000001100101100000001000000001100000000100000000
01001001101000000000000000000001100000000000000000
01010000000000001000000001001001100000000000000000
00000001100101100000001000000011100000000000000000
01010000100000000000000011000001100000000010001000
00001001100000000000000000000001100000000000001000
00000001100101100000000001000001100000000000001000
00000101101010000000000001000001100100000000001000
01001001100000000000000000000001100000000000000000
00001001100101100000000101001001100000000000001000
00000001100101100000001000000011100000000000000000
01000001100101100000001000000001100000000000000000
01010100000000000000000000011001100000000000000000
00000100000010000000000001000001100000001000001000
00000101101010000000100000011001100000001000000000
01000000000000000000000000000001100000100001000000
01010100000000000000000000011001100000000000000000
00000101101010000000100000011000000000000010000100
01000001100010000000000001000001100000001000000000
00000001100101100000001000000001100000001000000000
01010100000000000000000000011001100000000000000000
01010100000101100000001000000001100000000000001000
00001001100101100000000101001001100000000000001000
01010000000000001001000001000001100000011000100000

