1 262 282 317 739 769 920 1086 1247 1774 1930 1985 2136 2151 2186 2367 3252 3337 3669 4282 4357 4448 4483 4634 5498 5945 5975 6036 6161 6593 6764 6900 6950 6980 7166 7392 7453 7478 7935 8186 8433 8935 9322 9458 9478 9614 9634 9724 9875 10001
01010000000000010000100000000100000000000000000000
01000001000000010000000001000001000010010010000100
00100000000100000010000000010001010000000010000100
01000001000000010000000001000001000010010010000100
00000000001001000011000000000100000000000000000000
01000001000000010000000101000100000000000100000000
00100001001000010000001000000100000000000001000000
00100001001000010000000000000100000000000000000000
01000000001000101000000001000000000010000010011000
00100001001000010000000000000001000010010010000100
00000000001001000010000000000100000100000000000000
01010000000000010000100000000100000000000000000000
01000001000000010000000100000100000000000000000000
00100100001001000000000000000100000000000000000000
01010000000000010000000000000100000100000000000000
00100000001000000010000000000100000000000010000100
00100000001000101000000000000000001010010000000000
01000001000000010000000001000001000010010010000100
00000000000000010010000000000100000011000000000100
00000000001001000010000000000100000100000000000000
01000001000000010000000101000001000010010010000000
00100011001000101000000000000100000010111000100010
10100000001000010000000001000001000010000010011000
00100000000000010010000000000100000000000100000000
00100001001000010000000000000100000000000000000000
00000100001001000010000000000100000000000010000100
01000001000000010010010000000000001010010000000000
00100000001000101000000001000000000010000010011000
01000001000000010000000101000001010000000010000100
01000001000000010000000101000001010000000010000100
00100000001000000000000000000100000000000010000100
00101000000000000000000101000001000010010000000000
00100001001000010000000000000100000000000000000000
01000001000000010000000101000001010000000010000100
01000001000000010000000001000001000010010010000100
00100001001000010000000000000001000010010010000100
00000000001001000010000000000100000100000000000000
00100100001001000000000000000100000100000000000000
00100001001000010000000000000001000010010010000100
00100001001000010000000000000100000000000000000000
01000000000000010000000001000001000010010010000100
00000000001001000010000000000100000100000000000000
00000100000010010000000001000001000010010010000100
00000000000000010000000000000100000000000000000000
00100001001000010000000000000100000000000000000000
00100000001000101000000001000000000010000010011000
00000000100000010000000101000001000010010010000100
01000001000000010000000001000001000010010010000100
00100001001000010000000000000001000010010010000100
01000000000000010000000001000001000010010010000100
01000001000000010000000000000101000010010010000100
00100011001000010000000001000001000010010010000100
00100001001000010000000000000001000010010010000100
00100100001001000000000000000100000100000000000000
00100000001000101000000001000000000010000010011000
00100001001000010000000000000001000010010010000100
00100000001000101000000001000001000010010010000100
00100000000000000010000001000000000010000010000100
00000000000000010000000101000001000010010010000100
00100001001000010000000000000001000010010010000100
00100001000000010001000000000100000000000100000000
01000001001000010000000000000100000000000010000100
01000001000000010000000101000001000010010010000000
00000000001000010010000000011100000010000010010001
00000000001001000010000000000100000000000000000000
00000000001000000110000000100010100000011000100010
00100000010100000010000000000100000010000010010001
00000000000000010000000000000001010000000010000100
00100000001000000000000000000100000000000010000100
10100000001000101000000000000100000010011000100010
00100000000000000010000000100010100000011000100010
01000001000000010000000001000001000010010010000100
01000001000000010010000000000100000000000010011000
00100001001000010000000000000100000000000000000000
01000001000000010000000101000001000010010010000000
01000001000000010000000101000001000010010010000000
00100000000000000010000000100010100000011000100010
00000000001001000010000000000100000000000000000000
00000000001000000110000000100010100000011000100010
00100000010100000010000000000100000010000010010001
01000001000000010000000001000001000010010010000100
01000001000000010010000000000100000000000010011000
01000001000000010000000000000101000000000000000000
00100000001000101000000000010001010000000010000100
00100001001000010000000101000001000010010010000100
01000001000000010000000011000001000010010010000100
00100000010100000010000000000100000010000010010001
00100000000000000010000001000000000010000010000100
00000000000000010010000000000100000011000000000100
01000001000000010000000101000001010000000000000000
01000001001000010000000000000100000000000010000100
01000001000000010000000001000001000010010010000100
00100000001000000000000001000001000010010010000100
01010000000000010000000000000100000100000000000000
10100001000000010000000101000001000010010010000000
01000001001000010000000000000100000000000010000100
00100000001000000000000000000100000010010010000000
00000000001001000010000000000100000100000000000000
01000001000000010000000001000001000010010010000100
00000100001001000000000101000001000010010010000000

