1 20 234 244 543 582 637 712 995 1448 1671 1686 1706 1776 1796 2034 2039 2179 2298 2546 2880 2969 2979 2989 3213 3347 3879 4018 4053 4366 4426 4541 4610 4700 4764 5053 5520 6515 7877 8011 8111 8141 8200 8658 8802 9180 9235 9608 9936 10001
00100000010001001001000100100000101010100000000000
00110100001000001011000100100000101010100000000000
00100100000000000000010000100000101010100001001010
00110100001000000101000010100100011011100011011100
00001000000001000100000100100000011010100000001000
01000000000000000100000100100000101010100000001000
00000000000000000100000100100100011000100001000000
00000100000000000100000100100000101110100000000000
01000000000000000001000100100000101010100000001000
00100100000001011001110010100000101010100000001000
00000100000000000100000100100000101010100001001000
00100000010001001001000100100000101010100000000000
00000100000000000100000100100000101010100000001000
00000100001000000101000010100100011011100011011100
00100000000000001000000100100011101010100000001000
00100100000000000100001100110000010010100000001000
00100000000000001000000100100000101010100000001000
00110100001000001011000100100000101010100000000000
00100100000000000000010000000100011010100000001000
00000100000000000100000100100000101010100001001000
00100000000000001100000100000100011010100000001000
01000010100000100100010010100100011010100001001000
01000000100001011001110010010000010010100001001000
01000000000000000100000100100000101010100001001000
00000100000000000100000100100000101110100000000000
00100000000000000100000100100100011000100000001000
00100000000000001000000100100011101010100000000000
01000000100001011001110000100000101110100000000000
00100100000000000100000100000000101010100001000000
00100100000000000100000100100000101010100001001000
00100100000000000100000100110000010010100000001000
01000000000000000100000100100000101010100000001000
00000100000000000100000100100000101110100000000000
00100100000000000100000100100000101010100001000000
00110100001000001011000100100000101010100000000000
00100100000000000000010000100000101010100000001000
00000100000000000100000100100000101010100001001000
00100000000000001001000100100100011011101000001000
00100100000000000000010000000100011010100001000000
00000100000000000100000100100000101110100000000000
00100000010001001001010010010000010000100001000000
00000100000000000100000100100000101010100001001000
00100100000100000100000100010000010010100000001000
00001001000000000100000100100000101010100000001000
00000100000000000100000100100000101110100000000000
01000000100001011001110010010000010010100000000000
00100100000000000101000100100000101010100001001001
00110100001000001011000100100000101010100000000000
00100100000000000101000100010000010010100000001000
00100000010001001001010010010000010000100000001000
00100100000000000101000100000000101010100001000000
00100100000000000101000100000000101010100001001000
00100100000000000000010000000100011010100001000000
00100000000000001001000100100100011011101000001000
01000000000000000000010000000100011010100000001000
00100100000000000000010000000100011010100000001000
00100100000000000000010000000100011010100101001010
00100100100000100100010010100100011010100001001000
00100100000000000101000100100000101010100000001000
00100100000000000000010000100000101010100000001000
00100100000000000101000100000000101010100001000000
00100100000000000101000100000000101010100000001000
00100000000000001100000100000100011010100000001000
00000000000100000001000100000100011011100000001000
00100100000010000000010000000100011010100000001000
01000010100000000100000100000100011010100000000000
10000000000100001001000100100000101110100000000000
00100100000000000101000100010000010010100001000000
00100100000000000100000100110000010010100000001000
01000010100000100100010010100100011011100000001000
01000010100000100100010010100100011010100000001000
00100100000000000100000100100000101010100001000000
01000000100001011001110010100000101010100000001000
00000100000000000100000100101000101010100001001000
00100000000000001100000100100000101010010001001000
00100000000000001100000100000100011010100000001000
01000010100000100100010010100100011010100001001000
00000100000000000100000101100100011010100000001001
01000010100000000100000100000100011010100000000000
10000000000100001001000100100000101110100000000000
00100100000000000101000100000000101010010001001000
01000000100001011001110010100000101010100000001000
00100000000000001000000100100011101010100000000000
00100100000000000101000100010000010010100000001000
00100100000000000101000100100000101010100000001000
00100100000000000000010000000100011010100000001000
10000000000100001001000100100000101110100000000000
00100100000100000100000100010000010010100000001000
00100100000000000000010000000100011011100000001000
00000100000000000100000100100000101110100000000000
00100100000000000101000100000000101010100001001000
00110100001000000101000010100100011011100011011100
00100100000000000100000100100000101010100001001000
00100000000000001000000100100011101010100000001000
00100000000000000100000100100100011010010001001000
00100100000000000101000100000000101010100000001000
00100000000000001100000100000100011010100000101000
00000100000000000100000100100000101010100001001000
00100100000000000000010000000100011010100000001000
00100000000000001100000100100000101010010001001000

