1 65 98 756 773 963 1007 1387 1460 1642 1807 1811 1844 1985 2333 2442 2680 2745 2749 3040 3121 3141 3372 3432 3549 4524 4843 5490 5490 6128 6375 6504 6949 7292 7304 7357 7551 7620 7640 7858 7947 8093 8101 8917 9253 9334 9507 9633 9802 10001
00010100000001001000000000000000000000001000000001
00010001010001001000000000000000000100001000000001
00010000000001001000010000000000010000001000010001
00010001000001010000000000001000010001100100000000
00010000000110001010010000000100010000001000010001
00010001000001001000000000000100000000001000000001
00010001000001010000000000011000010001100000000000
00010000000001001010010000000100010000000001000101
00010000000110001010010000000100010001000000000001
00010000000110001010010000000100010001000000000001
00010001000001001000000000000000000000001000000000
00010100000001001000000000000000000000001000000000
00010000000110001011010000000101010011001000000001
00010000000001001000010000000000010011001000001000
00010100000001001000010000000000010011001000000001
00010001000001001000000000000000000000001000000000
00010000000110001010010010000000100000001000000001
00010001010001001000000000000000000100001000000001
00010001000001001010010001000100000000001000000001
00010001000001001000000000000000000000001000000000
00010001000001001010010000000100000000001000000011
00010100000001001000010000000000010011000000000001
00010001000001001000010000000100000000001000000001
00010001000001010000000000000000000000001000000001
00010100000001001000010100000000010001100100000001
00010001000001001010010000000100010001000000000001
00010100000001001000010000000000010001000000000001
00010000000001001010010000000100010000000001000101
00010000000001001000010000000000010011001000000001
00010100001001001000010000000000010011001000000001
00010001000001001000000000000000000000001000000000
00010001000001001010010000000100000000001000000001
00010000000001001010010000000100010000000001000101
00010001000001010000000000001000010001100100000000
00010001010001001000000000000000000100001000000001
00010000000110001010010010000100010000000001000001
00010001000001001000000000000000000000001000000000
00010001000001001000010000000000000100001000000001
00010001000001010000000000000000000000001000000001
00010000000001001010010000000100010000000001000101
00010001000001010000000001000100000000001000000001
00010001000001001000000000000000000000001000000000
00001001000001001000000000000100010001000000000000
00010001000001001010010000000100000000001000000001
00010000000001001010010000000100010000000001000101
00010100000001001000010000000000010001000000000001
00010000000001001000010000000000000000001000000001
00010001010001001000000000000000000100001000000001
00010001000001001000000000000010010001100000000000
10010011000001001010010000000100010000001000000000
00010001000001001000000000000000010000001000010000
00010001000001001010010000000100010000000000000001
00010001000001010000000000000000000000001000000001
00010001000001001000010000000000000100001000000001
00010011000001001000000000000000000000001000000001
00010001000001001010010001000100000000001000000001
00010000000001001000010000001000000001000010000001
00010100000001001000010000000100010001000000000001
00010001000001001010010000000100010000000000000001
00010000000110001010010010000100010000000001000001
00010001000001010000000000001000010011001000000000
00010001000001001010010000100100010011001000000000
00010001000001001010010000000100010000000000000001
00001001000001001000010100000000010001100100000001
00010000000110010000110000000000000000001000000000
00010100000001001000010000000000010001000000000000
00010000000001001010010000000100010000000001000001
00010000100001001000010000000000010011001000000000
00010001000001001000000000000000000000001000000000
00010001000001001000000000000010010001100000000000
01010000000110010000010000000000000000000001000001
00010001000001010000000000001000010001100100000000
00010000000110001010010000000000010000001000010000
00010001000001001000000000000000000000001000000000
00110000000001001000010000001000000001000010000001
00010001000001001000010100000000010001100100000001
00010100000001001000010000000000100000001000000001
00010000000001101000010000000000000000011000000000
00010100000001001000010000000000010011001000000000
00010001000001001000000000000010010001100000000000
00110001000001001000010000000000100000001000000001
00010000000110001010010000000000010000001000010000
00010100000001001000010000000000000101100000000000
00010001000001001000000000000000000000001000000000
00010001000001001010010000000100010001000000000001
00010001000001001000010100000000000001000000000000
00010001000001010000000000000000010011001000000001
00001001000001001000001000000100010000000000000001
00010001000001001000010000000000010011001000110001
00010000000001001010010000000100010000000001000101
00010001000001001000000000000000001001001000000000
00010000000001001100010000000000010000001000000001
00010001000001001000000000000100000000001000000001
00010100000001000000010000001000010000001000000000
00110001000001001000010000000000100000001000000001
00010001000001001010010000100100010011001000000000
00010001000001001010010000000100010000000000000001
00010001000001001000000000000000000000001000000000
00010001000001001010010000000000000001000010000001
00110001000001001000010000000000100000001000000001

