1 44 439 818 1109 1222 1448 1574 1643 1969 1991 2013 2100 2469 2751 2760 3234 3868 4307 4312 4329 4351 4512 4694 4846 5024 5050 5750 6124 6372 6506 6563 6837 6924 7067 7258 7323 7589 7693 8001 8080 8801 8923 9140 9370 9453 9457 9627 9831 10001
01000000010000010010100101010010100000000101101011
00000010001011100000000000010000100000001000001010
00000100100000010000000010001001000101000101101010
00000000010000010001100000000010100000010001001011
00000100101100010000100000001000100000010001001011
00001000010000010001100000010010110000000000001001
00100000010000010000100000001000100000001000001010
00000000010000010000100000001000100000000000001010
00000000010000010000100000001000100000000000001010
00000010001001101000000000000000100010000000001010
00000000010000010000000010001001000101000111101010
00000100101100010000100000001001000000000101101011
00000010001001101000000000000000100010000000001010
00000000010000010001100000010010100000010001001011
00001000010000010000100000001001000101000101101100
00000000010000010000100000001000100000000000001010
00001000010000010001100000010000100000000000001010
00100000010000010000100000001000100000000000001010
00000000010000010000000011010010100001010001101000
00000000010000010000100000001000100000000000001010
00000100101100010000100000001000100000000000001010
00000000010000010000101000000000100000000000001010
00000010001011100000000000010000100000001000001010
00100000010000010000100000001000100000000000001010
00000000010000010000100000001001000101000101101100
00000010001011100000100000000010100000000101011010
00000010001011100000100000000010110000000000001001
00000000001001101000000000000000100010000000001011
00000100010000010000100000001000100000000000001010
01000000010000100000000000001000000000000000001001
01000000010000010000110000001001000101000000001001
00000000010000010000100000001001000101000101101100
00000000010000010000000011010010100001010001101000
00000010001010010000100000000010100000000101011010
00000000010000010000100000001000100000000000001010
00000000010000010001100000010010100000010001001011
00000000010000010000000010000010110000010001001010
00000000010000010001100000000010100000000101101001
00000000010000010000100000001001000101000101101100
00000000010000010000000011010010100001010001101000
00100000010000010000100000001000100000000000001010
00000000010000010000000010000010110000010001001010
00000000010000010000000001010010100001010001101000
00000000010000010000100000001000100000000000001010
00000000010000010000101000000010100000000001101000
00000000010000010000101000000000100000000000001010
00000000010000010000100000000010100000000101101011
00000000010000010000100000001001000101000101101100
00100000010000010000100000000100100000000000101000
00000100010000010000100000000000100000000000001010
00000000010000010000100000001000100000000000001010
00001000010000010001100000010000101010000000001001
00000100100000010000000010001001000101000101101010
01000000010000010001100000011000100000000000001010
00000000010000010001100000000010100000010001001011
00000010001011100000100000000010110000000000001001
00000000010000010100100000001000100000000000001011
00000000010000010000000011010010100001010000001010
00100000001100010000100000001001000100000101001010
01000000010000100000101000000010100000010001001011
00000100100000010000000010001010100000000101001010
00000100010000010000100000001000100000000000001010
00000000010000010000100000001000100000100000001010
00000000010000010000000011010010100001010001101000
00000000010000010001100000000010100000000101101011
00000000010000010000000011010010100001010001101000
00010000010000010000000011010010100001001000001010
00000100010000010000100000001000100000000000001010
00000000010000010000101000000010100001010001101010
00000000010000010000000010001001000100000000001010
00000100101100010000101000000000100010000000000000
01000000010000100000000000001000000000000000001001
00000000010000010001100000010000100000000000001010
00001000010000010000100000001001000101000101101100
00000000010000010000101000000010100000010001001011
00000010001011100000000000010000100000000000001011
01000000010000010000110000001001000101000000001001
00000100100000010000000010001001000101000101101010
00000000010000010000000011010010100001010001101000
00000010001011100000100000000010110000000000001001
00000000010000010000100000000010110000000000001001
01000000010000100000000000001000000000000000001001
00000000010000010000100000001000100000000000001010
00100001010000010000100000001000100000001001101100
01000000010000010010100101010010100000000101101011
00000000010000010000100000001000100000000000001010
00000010001010010000100000000010100000000101011010
00000000010000010000101000000000100000000000001010
00000100010000010000100000001000100000000000001010
11000000010000100000000001010000100000000000101010
00000000010000010000100000001000100000000000001010
00000000010000010000101000000000100000000101101100
00000000010000010000100000001000100000000000001010
00000000010000010000100000001000100000000000001010
00000000101101100000100000110010100000000101001010
00000000010000010000100000000010100001010000101000
00000100100000010000000010001001000101000101101010
00000000010000010000000010000010110000010001001010
00000000010000010001100000000010100000010101101001
00000100101100010000100000001001000100000101001100

