1 4 157 545 607 1168 1178 1207 1233 1566 1660 1888 2505 2664 2837 2850 2990 3121 3180 3753 4275 4490 5185 5821 5896 5902 6261 6267 6355 6355 6535 6707 6773 7333 7526 7744 8038 8054 8067 8188 9048 9140 9283 9290 9524 9727 9733 9824 9952 10001
10011000010000001111100000000001000000010000000000
00000000100000000000100000000001000000010000000100
00000000110000011110110000100001000000010000000100
00010010000010100000110000000001000000010100000000
00000000110000011110110000100001000000010000000000
00110010000010100000110000000110010001000000000000
10010000000000001110100000000001100000010000000000
00000000100010000000100000000001000000110000000000
00000000100000000000110000000001000000010000000000
00000000100000000000110000000001000000010000000100
10000000100000000000100000000001000000000000100011
10011000000000001110110001000001000000010000000000
10000000100010100000110000000110000000010000000000
00011000000000001111100000000001000000010000000000
00000101100000001110100000000110010001000000001001
10011000000000001110110000000110000000000000100000
10000000000000001110100000000001000000010001001000
00000000100000000000100000000001000000010000000100
00110010000010100000110000000110000000000000100000
10000000100000000000100000000001000000000000100000
10011000000000011110100000000001000000010000001011
10010100111000011110110000000001000000010000001001
00110010000010100000110000000110010001000000000000
10011000000000011110100000000001000000010000001011
10000000100000000000110000000110000000010000001011
00000000100000000000110000000001010001000000000000
00010010010010101110100000000001000000010000000100
00000000100010000000100000000001100000010000000000
00010010000010100000110000000001010001000000000000
01010000000010100000110100001001000000000000100000
10011000000000001110110000000001000000010000000000
00010010010010100000110000000001000000010010000000
00000001100000001111100000000001100000010000000000
00010010000010100000110000000001000000010100000000
00000000100000000000100000000001000000010000000100
00000000100000000000110000000001000000010000000000
10000000100000000000100000000001000000000000100000
10000000100000001110110000000001000000010000000100
10011000000000011110100000000001000000010000000100
00000001100000001111100000000001000000010000001011
00110010000010100000110000000110000000000000100000
10000000100000000000100000000001000000000000100000
00010010010000001110110000000001000000010000000100
00010010010010100000110000000001000000010010000000
00000001100000001111100000000001100000010000000000
00010010010010101110100000000001001000010000000100
00000000000000001110110000000001000000010000000100
00000000100000000000100000000001000000010000000100
10011000000000001111100000000001000000010000000100
00010010010000001110110000000001000000010000000100
00000001100010100000110110001001000000000000100000
00010010000000000000110000000001100000010000000000
10011000000000011110100000000001000000010000001011
10000000100010100000110000000110000000010000000000
10011000000000011110100000000001000000010000001011
00110010000010100000110000000110010001000000001001
10010100110010001110110000000001000000010000000100
00000000100000000000010000000001100000010001001001
00010010000000000000110000000001100000010000000000
00000000100000000000110000000001000000010000000000
00011000000010100000100000000001000000010000001011
00011000000000001111101000000001000000010000000100
00010010000000000000100000000001100000010000000000
00000000100000000000110000000001000000010000101011
10011000000000001110100000000001000000010000001011
10011000000000001111100000000001000000010000000100
00000000100010000000110000000001000000010000000000
10000000000000001110100000000001000000010000000000
10011000000000001110110000000001000000010000000000
10011000000000001111100000000001000000010000000100
00000000100010000000100000000001000000010000000100
00010010000010100000110000000001000000010100000000
00000000000001001110100000010001000000010000000000
10000000100000000000100000000001000000010000000000
00110010100000000000110000000001100000010000000000
10000000100000000000100000000001000000010000000100
10010100110000001110100000000001000000010000001011
10011010010100001110100000000001000000010000000000
10000000000000001111100000000001000000010000000100
10000000000000001110100000000001000000010000001011
10010000000000001110100000000001000000011000000100
00000000000000001110100000000001000000010000000100
10011000000000001110100000000001000100010000001001
10011000000000001110110000000001100000010000000000
00000000100000000000110000000001000000010000000100
10000000000000001110110000000001000000010000000100
00000001100000001111100000000001000000010000000000
00010010000000000000110000000001100000010000000000
10010001100000001111100000000001010010000000000000
00000000100010000000100000000001100000010000000000
10000000100010001110100000000001000000010100000000
10010100111000011110110000000001000000010000000100
00010000000010100000110000000001000000010100000000
00010010010000001110110000000001000000010000000100
10010100110000001110100000000001000000010100010100
00011000000000001111101000000001000000010000000100
00010010000000000000110000000001100000010000000000
10000000100000000000100000000001000000000000100000
10011000000000001110110000000011000000010000000100
00010010000000000000110000000001100000010100010100

