1 9 179 450 1065 1350 1812 2003 2050 2253 2275 2457 2478 2919 3403 3509 3581 3925 3997 4006 4082 4591 4757 4863 5041 5211 5355 5359 5457 5741 6534 6560 6602 7680 7684 7756 8087 8550 8571 8770 8982 9127 9368 9394 9568 9606 9614 9750 9903 10001
01001001000010000000001000000011010000000110001101
11000001010000000001000000000001010001101000001101
11000001010000000000000000001011000000000000001101
01001101000000000100000000001000001001101000001101
01001000000011000000000000001111000000000000011101
01001000000110000000001000000001010110001000111101
01001101000000000100010000011001010010001000111101
01001001000000000100001000000001001000000100000101
01001100000010000000000000001001001000000100000011
01001001000001000100010000001001010001001000001101
00001001010000000000001000000001001000001000001010
01001001010000000000001000000001010000001000111101
01001100000000000000000000001111000000000000001101
01001001010000000000001000000001010000001000111101
00101000000001000100010000001000010000001000111101
01001001000110000000100000001011000000000000001101
11001100000010000000000000001001001000000100000011
11000001010000000001000000000001010001101000001101
01001001000110000000100000001011000000000000001101
01001001010000000100010000011001010000000000001101
00000001010000000000010000001001010110001000001101
11010001010001000100000000001000000000000000001101
01001001000000100000010010000001010010001000111010
00000001010000000000010000001001010110001000001101
00001001000000100000010010001001010011010100000010
01001001000000000100001000000001001000000100000101
11010001010000000000100000001011000000001000111101
01001000000110000010100000001001010001001000001101
01001001000000100100010000000001010000000100000101
01001001000110000000100001001011000000000000001101
01001100000010000000000000001001010000001000111101
00000001100010000000001000000001010000001000111101
01001100000010000000000100001001001000000100000011
01001101000000000100000000001000001001101000001101
11000001010000000001000000000001010001101000001101
01001100000010000100010000001001001000000100000101
01001001010000000100010000011001001000001000001010
01001101000000000100010000011001010001001000001101
11001001000000100000010010000001010010001000111010
00000001010000000000010000001001010110001000001101
01001001000110000000100000001011000000000000001101
01001001010000000100010000011001010000000000001101
11000001010000000000000000001000010001101000001101
00000001100010000000001000000001010000001000111101
01001100000010000000000100001001001000000100000011
01001101000000000100000000101001001000000100000011
11000001010000000000100001001011000000000000001101
11000001010000000001000000000001010001101000001101
11000001010000000000000000001000010001101000001101
11000001010000000100010000001001010001001000001101
01001001000110000010100000001001010001001000001101
01001001000001000100010000001001010011010100000010
00101000000000000000000000001111000000000000001101
01001100000000000000000000001111000000000000001101
00000001010000000000010000001001010110001000001101
00101000000001000100010000001000010000001000111101
01001101000000000100010000001000001000001000001101
00101000001000001000001000000001010010001000111101
01001001000001000000000000001100010000001000111101
01001100000010000100010000001001001000000100000101
00000001010000000100010000011001010001001000001101
11000001010000000000000000001001001000000100000011
01001000000110000000001000000001000000000000001101
00000001010000000000000000001000001001101000001101
00000001010000000100010000011001010001001000001101
11000001010000000000000000001011010010001000111101
01001100000010000000000000001001001000000100111101
01001001000000000100010000000001010000000100000101
01001100000010000000000000001001010000001000111101
11000001010000000000000000001000010001101000001101
01001101000000000100001000000001001000001000001010
01001101000000000100000000001000001001101000001101
01001000000000000000010000001001010110001000111101
01001000000110000000001000000001000000000000001101
01001000000110000000001000000001000000000000001101
01001001000001000100010000001001010001001000001101
00000001010000000100010000011001010001001000001101
01001001000000000100010000000001010000000100000101
11000011010000000000001000000001010000001000111101
00000001010000000100010000011001010010001000111101
11000001010000000000000000001001010011010100000010
01001101000000000100001000000001001000001000001010
00101000000000000000001000000001010010000001111101
01001001000000000100010000000001010000000100000011
01001001000001000100010000001001110001001000001101
01001001000001000100010000001001010001001000001101
01001001000000000100001000000001001000000100000101
01001001000001000100010000001001010011010100000010
01001000000000000000011000000001010000001000111101
01001000000000000000010000001001010110001000111101
01001101000000010000001000011001010000001000111101
11000001010000000000000000001001010011010100000010
01001101000000000000001000001011001000000100000001
11000001010000000100010000011001010000000000001101
11001000000011000000000000001111000000000000001101
11000001010000000000000000001001001000000100000011
01001001000001000100010000001001010011010100000010
01001001010000000100010000011001001000001000001010
11000001010000000001000000000001010001101000001101
11001000000011000000000000001111000000000100000011

