1 33 124 1120 1157 1411 1424 1444 1489 1637 1653 1818 2023 2256 2326 2334 2544 2769 3130 3142 3179 3192 3274 3684 3922 4065 4074 4558 4812 4832 5103 5304 5649 6260 7150 7236 7273 7359 7728 8220 8708 9090 9119 9566 9681 9746 9841 9857 9898 10001
00000000100010100010100000000100100000001000111000
00000000000010100000000000000101100100001000111000
00000000000010100100000000000001000000001000111000
00000000100110000000001110000001000100000100000110
00000000000010100000000000000101100101001000111000
00000100001010000000001000100001000100001000111000
00000000010010000010001000000100100000001010111000
00000000000010000000010010000000000110001000111000
00000000100110000000001000000001000000001000111000
00000000000010000000001110000101000000101000000110
10000000100111001000010010010001000000001000111000
00000000000010100000000000000101100100000000000110
00000000100110000000010010000101000100001000000110
00000000000010100000000000000101100100001000111000
00000000000010100000000000000001000100001001111000
00000000000010100100000000000001000000001000111000
00000000100110000000001000000001000000000000000110
00000000100110000000001110000001000000001000000111
00000000000010100100000000000001000000001000111000
00000000100110000000001110000001000100000000000110
00000000100110000000010010010001000000001000111000
00000000000010100100000110000001000000101000000110
00000000010010000010001000000100100000001000111000
00000000100110000000010010010001000000001000111000
00011000000000000000010011000100011100000000111000
00000000000010000000010010000000000110001000111000
00000100001000000000000000000100011100000000111000
00000100001110000000001110000001000100001000111000
00000100001110000000001000000001000000001000111000
00000000000010100100000000000001000000001000111000
00000000000010100000001110000101000000101000000110
00000000000010100000000000000100100100001000111000
00000001100110000000001000000001000000001000111000
00000000100110000000001110000001000100000000000110
00000000100110001000010010010001000000001000111000
00000000000010000000010010000101000100000000000100
10000000100110001000010010010001000000001000111000
00000000000010000000001110001101000000101000000110
00000000010010010010001000000100100000001000111000
00000000100110000000001110000001000000001000110110
00000000000010100100000000000001000000001000111000
00000000100110000000001110000001000100000000000110
00000000100110000000001110000001000100000000000110
00000000000010100000000000000100100100001000111000
00000001100110000000001000000001000000001000111000
00000000100110000000001000000001000000001000111000
00000000000010100000010010000101000000101000000110
00000000100110000000001110000001000100001000111000
00000000100110000000001110000001000100000000000110
00000000000010000001001110000101000000101000000110
00000000000010000000001110000101000000101000000110
00011000000000000000010010000101000100001000000110
00000000100110000000001110000001000100001000111000
00000000100110100000001110000101000000001000110100
00000000100110000000010010010001000000001000111000
00000000000010100000000000000001000100001001111000
00000000100110100000000000000101000000001000111000
00000100001000001010001000000101100100001000111000
00000100001110000000001110000001000100000000000110
00000000000010000000010010000101000100000000000100
00000000000010000000001110001101000000101000000110
00000000100110000000010010000101000100000000000110
00000000100110100000001110000001000100001000111000
00000000100110000000001110000001000100000000000110
00000000000010000000001110001111000000101000000110
00000000010010000000001110000001000100000000000110
00000000010010000000001110000001000100000000000110
00011000000000000000010010000101000100001000000110
00000000000010100000001110000101000000101000000110
00000000100110000000001110000001000100000000000110
10000000100110001000010010010001000000001000111000
00000000100110000000001110000001000100000100000110
00000100001110000000001000000001000000001000111000
00000000100110100000001110000001000100001000111000
00000010100110100000001110000001000100001000111000
00000000000010000001001110000000000000101000000110
01000000000110100000001110000001000100001000000110
00000100001110000000001000000001000000001000111000
00000000100110000000001110000001000100001000111000
00000100001000000000001110000001000100001000111000
00011000000000000000010010000101000100001000000110
10000000100110001000000000000101100100001000111000
00000000000110000000001110000001000100001000111000
00000000100110000000001000000001000000001000111000
00000000000010000000001110000101000100001000000110
00000000000010000000010010000101000100001000000110
00000000000010000000010010000101100100000000000110
00011000000000000000010010000101000100001000000110
00000000000010100000000000000101100100001000111000
00000100001000000000000000000100011100000000111000
00100000000010000000001110000001000000001001111000
00000100001110000000001000000001000000001000111000
00000000100110000000010010010001000000001000111000
00000000100110000000001110000001000100000000000110
00000000000010000000001110000101000100000000111000
00000000100110000000010010000101000100000000000110
00011000000000000000010010000101000100001000000110
10000000100110001000010010010001000000001000111000
00000000100110000000001110000001000000011000000111
00000000100110000000001000000001000000101000000110

