1 74 251 374 428 467 482 521 531 536 1184 1326 1665 1679 1940 2504 2602 2730 2759 2872 2936 2961 3108 3128 3162 3653 3707 4301 4782 5317 5597 5965 6191 6220 6328 6348 6461 6864 7399 7983 8081 8493 8773 8916 9308 9431 9691 9878 9932 10001
00010010000000000000000010000010110000000000010110
01011010100000001110000011000000000000000000010001
01011010100000000000001110110010110000001011010110
00010010000000101110000011000000000010000011010110
01011010100000001110000011000000000000000000010001
01011010100000001110000011000001110000000001000110
00010010000000000000000010000010110000000000010001
01010010000001000000001100000010110000000011010110
01010010100000001110000011000000000010000001000110
00010010000000000000001110100010110000000000000001
01010010100000010000000010000000000010100001000110
00010010000000101010000010000000000010100001000110
00010010000000001010000010000010000000000000010001
01011010100000001110000011000000000000000000010001
01011010100000001000001110100000001000000000010110
01011010100000000000001110110010110000001011010110
00010010000100000000000010000010100010000011010110
10000101010000000001000010000001110000010000100110
01011010100000000000001110110010110000001011010110
00010010000000000000000010001000000011000001000110
00010010000000000000000010000000000010000001000110
00010010000000000000001110000010110000000011010110
00010010000000000000000010000010110000000011011110
00010010000000000000000010000000000010000001000110
01011010100000001110000011000010110000000011011110
01010010000001000000001100000000001000000000010110
01011010100000001110000011000010110000000011011110
01010010100000001110011100000001110000000000100110
01010010100000010000000010000000001000000000010110
01010010100000010000000010000000000010000000000001
00010011010000000001000010000001110000010000100110
01010010000001000000001100000000110000000011000110
01010010100000010000000010000000000010000001000110
00010010000000101110000011000000000010000011010110
01010010100000010000000010000000000010000000000001
01010010100000001110000011000001110000000001000110
00010010000000000000000010000000000110000101000110
00010010000000000000001110000010100010000011000110
00010010000000000000000010000010110000000000010001
00010010000000010000000010000000000010000011010110
01011010100000000000001110110010110010000000000110
00010010000000000000000010000110000000000001000110
00010010100000000000001110110010110000000011010110
01010010000001000000001100000000110000000011000110
01010010100000010000000010000000000010000001000110
01010010100000010000000010100010110000000011010110
00010010000000000000001110100010110000000011010110
01011010100000001110000011000001110000000001000110
00010010100000000000001110110010110000000011010110
00010010000000000000001100000110000000000001000110
00010010000000101110000011000000000010000011010001
00010010000000001010000010000010000000000000010001
01111010100000010000000010000000000010100001000110
01011010100000010000000010000010000000000011010110
00010010000000000000000010000000000010000001000110
01011010100000001110000011000000000010000001000110
01010010100010000000000010000010110000000000000110
01010010000001000000001100000010100010000011000110
00010010000100000000000010000010100010000000000001
01010010100000001110000011000001110000000001000110
00010010000000000000001110000010100010000011000110
00010010000000000000000010001000000010000000010001
01111010101000001110000011000000000110000001000110
00010010000000101110000011000000000010000011010110
00010010000000000000001110000010100010000011000110
00010010000000101010000010000000000010100001000110
00010010000100000000000010000010100010000001010110
00010010000000001010000010000010000000000000010001
00010011010000000001000010000001110000010011000001
00010010100000000000001110110010110000000011010110
01010010100010000000000010000010110000000000000110
00010010000000101110000011000000000010000011010110
01010010100000010000000010000000001000000000010110
01111010100000010000000010000000000010000001000110
01111010100001001110000011000001110000000001000110
00010010000000000000001110100010110000000011010110
00010010000000001010000010000010000000000001000110
01010010100000010000000010000000001000000000010110
01010010100001000000001100000001110000000000010110
01010010100000000010000011000000000000000000010001
00010010000000001010000010000010000010000001000110
01010010100000010000100010000000000010000000000001
01111010101000000000001110000010100010000011000110
01010010100000010000000010000000001000000000010110
00010010000000001010000010000010000010000001000110
00010010000000001110000011000001110000000001000110
00010010000000101010000010000010110000000000010001
00010010000000001010000010000010000000000000010001
01011010100000010000000010000000000010100001000110
01011010100000001110000011000000000010000001000110
01011010100000001110000011000000000010000000000001
01010010100000010000000010000000001000000000010110
00010010000000000000000010000000000010000001000110
00010010000000000000000010001000000010000001000110
00010010000000000000000010000010110000000000010001
00010010000000000000000010001000000010000000010001
00010010000000001010000010000010000000000000010001
00010010000000000000000010000000000110000001000110
10000101010000000001000010000001110000010000100110
00010010000000000000000010000000000010000001000110

