1 28 147 147 399 502 1067 1588 1675 1699 1738 2015 2331 2386 2631 2674 2749 2824 2923 3077 3425 3958 4250 4297 4542 4791 4819 4874 4949 5004 5313 5569 5652 5790 6047 6339 6395 7011 7836 7923 7959 7998 8176 8251 8263 8531 8587 8843 9440 10001
00110000010000000000000011000000011010000100000000
10000000000000010000011000110100011000101110100000
00110001000001000000011000110100001010000100000000
00110000000000010001010011010100011010000100000000
10000000000000010000011000110100011000101110100000
00100000000101000000011000110100001010000100000000
10000001000001000000000011000000011010000100000000
00110000000000010001010011000000011010000100000000
00100000000000010000010010110110111000000000000000
10000000000010000000000010110100001010000100000000
00100010000000000000000011000000011010000100000010
00100010000000000100000011000000011010000100000000
10000001000001000000011000110101001011000100001000
10000000000000010000011100110100011000000100000100
00110000010000000000000011000000011010000100000000
00110001000001000000011000110101011010000100000010
01110000000101000000000010110100001010000100000000
00100000000000000000000011000000011010000100000000
00110001000001000000011000110101011010000100000010
00100000000000010000011100110100011000000100000100
00100000000101000000000010110100111000000000000000
00110001000001000000011000110101001011000100000000
00110010000000000000000011000000011010000100000000
00100000000101000000000010110100111000000000000000
00110010000000000000000011000000011010000100000000
00110000000000010001010011000000011100001110010000
00110010000000000000000011000000011010000100000000
00100000000000000000000011000000011010000100000000
00110000000000000000000011000000011010000100000010
10000000000000000000000010110100011010000100000000
00100000000000000000000011000000011010000100000000
00100100001101000000000010110100001010000000000000
00100000000000010001000010110100011000000000000000
00110000000000010000011000110100011100001110000000
10000000000000000000000010110100011010000100000000
00110010000000110011000011000000001000000100000000
00100000000001000000000010111100001000001110000000
00100000000000000000011000110100011000010000000000
10000001000001000000000011000000011010000000000000
00110000000000010001000011000000011010000101000000
00100000000001000000000010111100001010000100000000
00100000000000010001000011000000011010000101000000
00110010000000010000000011000000011000010100000000
00100100001101000000000010110100001010000100000000
00100000000000010001000010110100011000000000000000
00110000000000010001010011000000011010000100000000
00110000000101010001000011000000011010000101000000
00110010000000110011000011000000001010000100000000
00110010000000010000000011000000011000010100000000
00100000000000010001000011000000011010000101000000
10000001000001000000011000110101001011000100001000
10000001000001000000011000110101001011000100001000
00100010000001000000011000110100011000000100000000
00110000000000010001000011000000011000000100000000
00000001000001000000000000110100011000101110000000
00100000000001000000000010110100011000000000000000
00100000000000010000011000110100010010101110000000
00100000000000000000000010110100011010000100000000
10000000000010000000000010110100011000000000000000
00110010000000110011000011000000001000000100000000
00100000000000000000000010110100011010000100000001
10000000000000010000011100110100001010000100000000
00100000000000010000011000110100011000101110000000
00100000000001000000000010110100011000000100001000
00100000000000000000000010110100011010000100000000
00100010000000000000000011000000011010000100000000
00110000000001000000011000110100011000010100000000
10000001000001000000011000110101001011000100001000
10000000000001000000000010110100010010000100000000
00110010000000010000000011000000011000010100000000
00100000000000010000011000110100010010101110000000
00110000000000010001010011010100011010000100000000
00110000000000000000000011000000011010010100000000
00100100001101000000000010110100001010000100000000
00100000000101011001000000110100011000001110000000
00110000000000010001010011000000011010001110000000
00100000000001000001000011000000011100000000000000
00110000000000000000000010110100011000001110000000
00110000000001000000011000110100011000010100000000
10000000000000010000011100110100011010000100000000
00100010000000110001000011000000011010000100000000
10000000000000000000000010110100011010000100000000
00100000000000110001100011000000011010000100000000
00110000000000000001010011000000011010000100000000
00100010000000110001000011000000011010000100000000
00110010000000110011000011000000001000000100000000
10000001000001000000000010110100001010000000000000
10000001000001000000011000110101001011000100001000
00100010000000000000000011000000001010000100000000
00100000000001000000000010110100011000000100000000
10000000000000000000000010110100011010000100000000
00110000000000000000000010110100011000001110000000
00100000000101000000000010110100111000000000000000
00101001000001000000000010110100001010000100000000
10000001000001000000000010110100001010000000000000
10000000000000010000011100110100001010000100000000
10000001000001000000011000110101001011000100001000
00100000000001000000000010111100001000001110000000
00100000000000000000000011000000011010000100000000
00100000100001010000011100110100011000000100000100

