1 182 256 280 290 457 924 929 978 1130 1194 1214 1336 1400 1464 1508 1734 2004 2309 2766 2947 3208 3262 3340 3532 3768 3886 4347 4504 5059 5300 5300 5433 5914 6042 6066 6101 6528 6720 7535 7643 7830 8213 8242 8748 8881 9170 9382 9490 10001
00001000000000110110000001000010000000010000100000
00000000000000000000000000101100000010000010100000
00100100001000100000000000000000000000010000100001
00100100100000110010000001000000000010010010100000
00000000000000000000000000101100000010000010100000
00100100001001100000010000000001000010010000100100
00001000000000110110000001000010000000010010100000
00100100001000100000000000000000000010100010100000
00100100001001101001010000000010000000010000000001
00100100001000100000000000000000000000010000100001
00100100000100000000100000000000001110010000000001
00100100001000100000000000000001000000000001100000
00100000000000000000010000000001000010010010000000
00100100001000100000000000000000000000010010100001
00001000000000110110000001000010000000010000100000
00100100000100000000100000000000001110010000000001
00110000000000000000100000000001000010010000100100
00100100001000100000010000000001000010010010000000
00100100000100000000100000000000001110010000000001
00100100001000100000000000000000001110000010100000
00100100000100000000100000000000001110010000000001
00100100001000100000000000000000000010100010100000
00100100001000100000000000000010000000010010100000
00100100001001100000010000000010000000010000100000
00100100001000100000000000000001000000000001100000
00000000010010000000000000101100010010000000001001
00100100001000110010000001000000000010010010100000
00001000000000110110000001000010000000010000100000
00100100000100000000100000000000001110010000000100
00100100001001100000010000000010000000010010100000
10110000000000000000010100000010000000010000000001
00100100001000100000000001000000000010000010100000
00100100001001101001010000000010000000010000000001
00000000010010000000000000000001000010000000100001
00100100001001100000010000000010000000010010100000
00000000000000000000000000000001000010010000000000
00000000000000000000000010000000000000010010100000
00100100001001100000010000000000000010010010100000
00100100001001100000010000000010000000010000100000
00100000010010000000000000000001000010000010100001
00100100001000100000000000010000000010000000100100
00100000010010000000000000000001000000010010100000
00110000001000100000000000000001000010010000100001
00100100001000100000011000000001000010000010100000
00100100001001101001010000000010000000010000000001
00100110001000100000010000000010000001010000100001
00100000010010000000000000000001000010000010100000
00110000000000000000010100000010000000010000000001
00110000001000100000000000000001000010010000100001
00100000010010000000000000000001000000010010100000
00100000000000000000010000000001000010010010000000
00100000000000000000010000000010000000010000000001
00001000000000110110000001000010000000010000100000
00100100001000100000011000000001000010000010100000
00000000000000000000000000000000000010001010100000
00100100001001101001010000000010000000010000000001
00000000000000000000000000000001000010010010110000
10100100001000100000010000000001000010010010000000
00100100001000100000000000101100000010000100100010
00000000000000000000000000000001000010010000000000
10100100001000100000010000000001000010010010000000
00100100001001100000010000000010000010000010100000
00000000000000000000000000000000000010000010100000
00100000001001100000010000000010000000010010100000
00000000000000000000000000000000000010001010100100
00100100001000100000000000000001000000000001100000
00100100001000100000000000010000000010000000100100
00100000000000000000010000000001000010010010000000
00100100001000100000000000000000000010100010100000
00110000001000100000000000000001000010010000100001
00000000000000000000000000000000000010001010100000
00100100100000110010000001000000000010010010100000
00100100001000100000000000010000000010010000000000
00110000000000000000010100000010000000010000000001
00100000000000100000000000000000000010010100100010
00100000000000100000000000000000000010010100100010
00100000000000000000011000000010000000010000000001
00100000000000100000000000000100000010010000100001
00100100001000100000000000010000000010000000100100
00100100001001100000010000000010000010010000100001
00100000000000000000010000101100000010010010000000
00100100001001100000010000000010000000010010100000
00100000000000000000010000100001000010010010100000
00100100001000100000000000000001000010010000100100
00100000000000000000010000101100000010010010000000
00000000000000000000000000000001000010010000000000
00100100001000100000000001000000000010000010100000
00100000000000000000010000000001000010010010000000
00100100001000100000010000000010000010010100100010
00100100001001100000010000000010000000010010100000
01100000000000000000011000000001100010000010100000
00100000000000100000000000000100000010010000100001
00100100001001100000010000000010000000010000100100
00110000000000000000010100000010000000010000000001
00100100001000100000000001000000000010010000000001
00100100001001100000010000000010000010000010100000
00100000000000000000010000000001000010010010100000
00000000000000000000000010000000000000010010100000
00100101001000110010000001000000000010010010100000
00100100001000100000000000000000001110000010100000

