1 178 312 385 463 658 831 848 1107 1155 1246 1358 1457 1622 1682 1864 1885 2089 2845 3636 3693 3723 4099 4173 4946 5098 5470 5496 6131 6170 6291 6408 6754 6767 6866 7225 7303 7311 7372 7826 7964 7969 8314 8513 8531 8703 9443 9581 9966 10001
00000001000000001000001100110000010100101001011000
10000001000000001000000010010001010100101000010000
00000001001010000000000010010011000000100011010001
00000001000000001000000010010001000000100011010001
10000001000000001000000010010001010100101000010000
10100001000000001000000010010001000000100011010000
00000001000000001000000010000001000000100011010000
00000000000000000000001100000000010110101000011000
00000001000000001100000010000001000000100011110000
00000001001010000000000010010011000000100011010001
00000001000000001000101100010000010100101000011000
00100001000011000000001100110000110100101000010001
00100001000011000000001100100000010100101000011000
00000001000000001000000010010001000000100011110000
00000001000000001000001100110000010100101000010100
00000001000000001000101100010000010100101000011000
10100001000000001000000010010000110100101000010001
00100001000011000000001100110000110000100011011000
00000001000000001000101110000000010100101000011000
00000000000000000000010001010101000000101010000000
00000001000000001000101110010001000000100011010000
10000110000000000000001100010000010100101000011000
00100001000000001000000001010101001000000010001000
00100001000011000000001100110000110100101000010000
00100001000011000000001100110000110100101000010001
00101001001010000000101100110000010100101000010000
00100001000000001100000010000001000000100011110000
00000001000011000000001100010000010100111000011000
10100001000000001000000010000000010100100011011000
00110001000011000000001100110000110100101000011000
00000000000000000000001100000000010000100000011000
00100001100111100000000000010000010100101001010000
00000001000000001100000010000000110100101000010000
00000000000000000000000000110000110100101000010001
00110001000011000000001100110000110100101000011000
00100001000011000000000000010000010100111000011000
01100000000000000000001100001001000100101000010010
00000001000000000000001100110000110100101000010000
00100001000011000000001100110000110100101000010000
00101001000011000000001100010000010100111000011000
10000110000000000000000010000101001000011000011000
10000001000000001000000010000000010100101000011000
00000001000011000000001100010000010100111000011000
00000001000000001000000001010101001000000010001000
00000001000000001100000010000000110100101000010000
00000000010000011000000010010011000000100011010000
00100001000011000000001100110000110100101000010001
00000000000000000000001100000000010000100000011000
00000001000011000000001100010000010100111000011000
10000001000000001000001100001001000100101000010010
00100001000011000000001100100000010100101000011000
00000000000000000000001100000000010000100000011000
00000001000000001000000010010001000000100011010000
10000001000000001000000010010001010100101000010010
00100001100111100000000000010000110100101000010001
00000001000000001100000010000000110100101000010001
00100001000011001000000000010000110100101000011000
00100001000011000000001100110000110000100011011000
00000001000000001000000010010001000000100011010000
00100001000011000000000000010000010100111000011000
00100001000011000000001100110000110000100011011000
10000001000000001011000010010000010100101000010000
10000001000011000000000000010000010100111000011000
10000001000000001000000010000000010100101000011000
10100001100111100000001100010000010100111000011000
00100001000011000000001100110000110100101000010001
10000110000000000000000010000101001000000010001000
00100001000011000000001100100000010100101000011000
00000000000000000000001100000000010110101000011000
00000001000011000000001100010000010100111000011000
00101001001010000000101100010001000001100111010000
00000001000000001000000010010001000000100011010001
00100001000011001000000010110000010100100011010000
00000001000000001000000001010101001000000000011000
00000001000000000000001100000000010000100000011000
00000001000000001000000010010001000000101000011000
00000001000000001100000010000000110100101000010001
00000000010000011000000010010011000000100011010000
10000110000000000000000010000101001000000001010001
00000001000011000000001100010000010100111000011000
00100001000011000000001100110000110000100011011000
00110001000011000000001100110000110100101000011000
00101001001010000000101100110000110100101000010000
10100001000000001000000001010101001000000010001000
00100001000011000000001100110000110000100011011000
00100001000011000000000000010000010100111000011000
00100001100111100000000000010000010100101001010000
00100001000011000000001100100000010100101000011000
00000001000000001000000010010001000000101000011000
00100000000000000000001100000000010000101000010001
00100001000011000000001100110000010100111000011000
00000000010000011000000010010011000000100011010000
00000001000000000000001100001001000100101000010010
00000000000000000000001100000000010000100000011000
00000001000000001000000001010101001000000010001000
10000001000000001011000010010000010100101000010000
00000001000000001000000010010001000000100011010001
01100000000000000000001100001001000100101000010010
00100001000011000000001100010000010100111000011000
00000000000000000000010001010101000000101010000000

