1 44 133 202 407 973 1109 1764 1774 2032 2260 2273 2306 2597 2746 3041 3418 3732 3861 3924 3973 4096 4126 4645 4661 4979 5326 5402 5409 5700 5730 5803 6309 6772 6990 7430 7705 7837 8045 8214 8337 8433 8538 8631 8793 8932 9220 9957 9977 10001
00000010001000000000010000100000100110000000000101
00010010001000000000010000010010000000000000000101
00010010001000000000001000010010000000000000000101
00010010000010000000010000100000100010000000000101
00010010001000000000010000010010000000000000000101
00010010001000000000010000010010100000000000000101
00000011001000000000010000010010000000000000000000
10000010001000000000010000010010000000000010000101
00010010001000000000001000010010100000000000000101
00010010001000000000001000010010000010000000000101
00000010001000000000010010001010100000000000000101
00000010001100000000001000010010100000000000000101
00010010001000000000010000010010100000000000110000
00001010100010000000010000010010100000000010000101
00000000001000000000010000010010100000000000000101
00000010001000000000010100010010000000000000100101
00000010001000000000010010001010100000000000000010
00000010001000000000010000010010101010010000000101
00010010001000000001110000010010000000000000000101
00000010100010000001110000010010100010000000001101
01000000001000000000010010001010100001000100100000
00000010001000000000010100010010100010010000000101
00000010001000000000010000100100100000110000000101
00001010100010000000010000010010100000000000000101
00000010001100000000001000010010100000000000000101
00000010001000100000010010001010100010000000000101
00010010001000000000001000010010100000000000000101
00000010001000000000010000010010100010010000000000
00000010001000000000010000010010000010000001001101
00000010001000000100010001100000100010000000000000
00000010001000000000010000100100100000110000000101
00000000001000000000010010001010100000000000000101
00000010001000000000010010010010100000000000000101
00000010001100000000001000010010100000000000000101
00000010001000000000010001100000100010000000000101
00000000001000000000010000010010000000000000000000
00100000011000000000010010010010100000000000000101
00010010101000000000010000010011100000000000000010
00001010100010000000010000010010000000000000000010
00000000001000000000010010001010100001000000100000
00000000001000000000010010010010100000000000000101
00010010001000000001110000010010000000000000000101
00000110001000000000010000010010100010000001001101
00000010001000000000010010010010000000000000000101
00000010001000000000010000010010100010010000000101
00010000001000000000010010001010100000000000000101
00000010001000000000010000010010100010000000000010
00000010001000000000010000100100100000000000100101
00000110001000000000010000010010100010000001001101
00100000011000000000010010010010100000000000000101
00010010001000000000010000010010100000000000110000
00000010001000000000010000100100100000110000000101
00000010001000000000010000010011100000000000000101
00100000001000000000001000010010000000000000000101
00000010001100000000001000010010100000000000000101
00000010001000000000010000010010000000000000000000
00000010001000010000010000010010100000000000100101
00000010001000000010010000010010100010000000000101
00000000001000000000010010001010100010000000000101
00000000001000000000010000010010000000000000000000
00000010001000000010010000010010100010000000000101
00000010001000000000010000010010000000000000000000
00000000001000001000001001100000100010000000000101
00010010001000000000010010001010100000000000000101
00000000001000000000010010010010110000000000000101
00000010001100000000001000010010100000000000000101
00000010000011000000010000010010100010000000000101
00010010001000000000010000010010100000000000110000
10000010001000000000010000010010000000000010000101
00000110001100000000001000010010100000000000000101
00000000001000000000010000100000100110000000000101
00010010000010000000010000100000100010000000000101
00010010001000010000010000010010100000000000100000
00000000001000000000010010001010100010000001001101
00000010001000000000010000100100100000000000100101
00000010001000000000010010001010100010000000000101
00000010001000000000010000010010000000000000000000
00000010001000000000010000010010100000001000000101
00000010001000000000010000010010100010000000000101
00000110001000000000010000010010100010000001001101
00000010001000000000010010001010100000000000000010
00000010001000000000010010001010100000000000000101
00000011001000000000010001100000100010000000000101
00000010001000000000010010010010100000000000000101
00000010001000000000010010001010100000000000000010
00000000001000000000010010001010100010000000000101
00000000001000000000010010001010100000000000000101
00010010001000000000010000010010000000000000000010
00000010001000000000010010001010100000000000000010
00000000001000000000010010010010100000000000000101
00000010001000000000010100010010100000000000000101
00000010001000000000010000010010100000001000000101
00100010000010000000010000100000100010000000000101
00000010001000000000010000100100100000000000100101
00000010001000000000010010001010100000000000000010
00000010001000000000010000010010000000000000000000
00010010001000000000010100010010100000000000000101
00100000011000000000010010010010100000000000000101
00000010001000000000010100010010100000000000000010
00000010100010000001110000010010100010000000001101

