1 62 149 214 278 301 310 343 398 401 1260 1615 1751 1906 2474 2684 2735 2816 2832 3039 3078 4343 4647 4899 4944 5264 5302 5457 5638 5648 5658 5706 6068 6423 6500 6613 6730 7408 7798 7947 7963 8809 9025 9064 9145 9303 9603 9755 9858 10001
01100000000000000000000000011000000000000010000000
00100010000000010100000101100000001000000010000001
00000010000000010100100100011000100000000000100001
01100000000000010100000000011000001000000010000000
00100010000000010100000000011000001000000010000000
01100010000000010101000101000000011000000010000001
01100010000001010110100000011000001000000010000000
01100000000001010110000101000000001000000010000000
01100001000000010100000000011000000011010000000000
01100000000000010100100000011000000000000010000000
01100010100000010100000000011000000010000010000000
01100001000000010100000000010000001000000000000000
01100010000000000000000000011000000000000010000000
01100000000001010110000000011000000010000010000000
00100010000000010100000000011000000011010000000000
11110000011000000000000100000001100000000000100001
01100010100000010100000000011000000011000010000000
01100001000000010100000000011000000011010000000000
00000010000000000000000000011000000000000010000000
00000010001000000000000100000001000100010000010000
01100010000000010100000000011000001000000000000100
01100001000000010100000000011000000000000010000000
01100001000000010100010101000000001000000001100000
01100001001000010100000101000100000000000010000000
00100010000000010100000000011000000000000010000000
01100000000000010100100010011000000000000000100000
01100001000000010100000000011000000011010000000000
01100010100010110100000000011000000000000010000000
01100010000000000001001000011000000000000000101000
01100010000000010100000000011000000000010000000001
01100001000000010100000000011000001000000010000000
01100010000000010110100000011000001000000010000000
00000010000000010100100100011000101000000010000000
01100001000000010100000000011000000011010000000000
00000010000000010100100100011000100000000010000000
01100010000001010110100000011000000011010010000001
00000010000000010100100100011000100000000000000001
01100010000000000000000000010000001000000010000000
01100010000100010001001000010000001000000010000001
01100010000000010100000000011000000000010110000000
00000010000000010100000000011000000000000010000000
00000010000000000000000000011000000000000010000000
01100010000000000001001000011000000001010000000000
01100001000000010100000000011000000011010000000000
01100001000000010100000000011000000011010000000000
01100010000000010100000000011000001000000000100001
01100010000000000000000101000000001000000010000000
11110000001000011100000101000000001000000010000000
01100010000000010100000000011000000011010000000000
00000010000000010100100100011000100000000000000001
01100010000000000000000000011000000001000010000000
01100001000000010100000000011000001000000010000000
01100010000000010100000000011000000000010010000011
00000010000000010100100100011000100000000000100001
01100001000000010100000000011000000011010010000000
01100010000001010110100000011000001000000010000000
11110000001000010100100000011000000000000010000000
01100001000000010100000000010000001000000010000000
01100000000000010100100000011000000000000010000000
01100010000001010110100000011000000011010010000001
11110000000000010100100101000000001000000000000001
01100010000001010110100000011000000011010010000001
00100010000000010100000101000000001000000010000000
01100010100000010100000000011000000011010000000000
01100010000000010001001000011000000000000010000000
01100001000000010100000000010000001000000000000000
01100001000000010100000000011000000011000010000000
01100010000000000000000000011000000000000010000000
01100000000001010110000000011000000010000010000000
01100010000000010110100000011000000000000010000000
01100000000000000000000000011000000000000010000000
01100000000000010100000000011000001000000010000000
01100010000000010100000000011000000000010010000000
01100010000000010100000000011000001000000010000000
11110000001000011100000101000000001000000010000000
01101000000000010100100000011000000000000010000000
01100010000001010110100000011000001000000010000000
00100010000000010100000000011000001000000000000001
00100100000001010110000000011000000000000010000000
01100010000000000001001000011000000000000010000000
01100010100000010100000000011000000000010110000000
01100000000000000000000101000000001000000010000000
11110000000000010100100101100010001000100010000001
01100010000000010110100000011000000000000010000000
01100010100000010100000000011000000011000010000000
01100000000000010100100000011000000000000010000000
01100010000000010110100000011000001000000010000000
01100010000000010100000000011000001000000010000000
01100010100000010100000000011000000011000010000000
01100010000000010001001000011000000000000010000000
11110000001000010100100000011000000000000010000000
00100010000000010100000000011000001000000000000001
01100000000000010100000000011000000000000010000000
11110000001000011100000101000000001000000010000000
01100010100000010110000000011000001000001000000001
01100010000001010110100000011000000011010010000001
11110000001000010100100000011000000000000010000000
00000010000000010100100100011000100000000000000001
01100010000100010001001000010000001000000010000001
00000010001000000000000100000001000100000010000000

