1 114 196 224 370 370 451 523 554 732 814 849 1045 1694 1701 2241 2326 2437 2532 2905 3410 3413 3552 3658 4102 4216 4471 4763 4880 5441 5469 5473 5782 6098 6421 7408 7568 7586 7923 8271 8385 8388 8424 9052 9173 9418 9553 9670 9681 10001
00000001000001100000000000000010000000011101000000
11010001000001110010101100000010000000011101000010
11010010100001110000000011000110000000011101000010
00000010100001100000000011000000010100011100000010
00000010100001100000000011000001100000010000100010
11010010100001110010000011000000010100011100000010
00000001000001110000000011000110000000011100000010
10000010100001110000000000100110000000011101000000
00000010100001110000000000100010000000011101001010
00000001000001100000000000000010000110011101000000
00000101000101110010000011000000000000011101000000
00000001000001100000000000000010000000010010000000
00000001000001100000000000000010000000011100000010
11010001000001100000000000100110000100010010000010
00000001000011100000000011000110000000011101000010
00000010100001110100000011000000010100010010000000
11010001000001100000000000100110000100010010000000
00000001000011100000000011000110000000011101010010
00000001000001100000000011000110000100010010000000
00000001000011100000000011000110000000011101000010
00000010100001100000000000000010000000000000000010
00000010100001100000000000000000010100010010000000
00000001000001110010000011000000010100010010000000
00000001000011110100000011000000010100010010000000
00000001000001100000000000000010000000011101000000
00000001000001110010000011000110000000000001000010
00000010100001110000000000100010000000011101001010
00000001000011110100000011000000010100011100000010
00000010100001100000000011000001100000010000100010
11010001000001110010000011000000000000010010000000
00000010100001100000000000000110000000010000000000
00000001000001100000000000100110000100011100000010
00000001000001100000000000100110000100011101000010
00000001000011100000000000000010000100010010000100
00000001000011110100000011000000010100010010000000
11010001000000000001000011000110000000010000000010
00000001000001100000000000000110000000010010000000
00000010100001110000010000100000010100011100000010
11010010100001110000000011000000010100010010000000
00001010100001101000000000000010000100010010000000
00000001000001110010000011000000010000011101000000
00000001000001100000000011000110000100010010000000
00000001000011100000000000000010000000011100000010
00000001000011100000000011000110000000011101010010
00000001000011100000000011000110000000011101010010
11010001000001100000000000100110000100011100000010
00000010101001100000000011011000001000011100000010
00000010100001110000010000100000010100011100000010
00000001000011100000000011000110000000011101010010
00000001000001100000000000000110000000011101000000
00000001000001100000000000100110000100011100000010
10000010100001110000000000100110000000011101000000
11010001000000000010000011000000010100011101000000
11010010100001110000000011000110000000011101000010
01110010100001110000000011000110000000011101000000
00000001000001100000000000100110000100011100000010
00000001000001100000000000000010000000011100000010
00000001000001100000000000000010000000011100000010
00000001000001100000000000000010000000011100000000
11010001000001100000000000000010000000011100000010
11010001000001110010000011000000000000011101000010
11010001000000000001000011000110000001010000000010
10000010100001100000000011000110000000011101000010
00000001000011100000000011000110000000011101010010
00000101000101100000000011000110000000011101000010
00000001000001100010000011011000000000011100000010
00000010100001100000000000000110000000011101000000
00000001000001100000000000000010000000011100000010
11010001000001100000000000000000010100010010000000
10000010100001110000000000000110000000111100000000
00000001000001100000000000000010000000011101000000
00000010100001100000000011000000010100011100000010
00000010100001110000000011000000000000011101000000
00000001000001100000000000100110000100011100000010
00000010100001110000010000100000010100011100000010
00000001000001100000000000000010000000011100000010
00000001000001100000000000100110000100011100000010
11010010100001110001101100000110000100010000000001
00000001000001100000000000000010000000011100000010
00000110100001110000000011000110000100010000000001
00001010100001101000000000000010000100010010000000
00000001000001110010000011000000000000011100000010
11010001000001100000000000100110000100011100000010
10000010100001110000000000000110000000111100000000
11010001000001100000000000100110000100010010000000
00000001000001100000000000000010000000011100000000
00000001000001100000000000100110000100011100000010
00000001010001110010000011000000000000011101000010
11010001000001100000000000100110000100011100000010
00000101000101100000000010100110000100010010000000
00000010100001100000000000000110000000010000000010
11010010100001110001101100000110000100010000000001
00000001000001100000000000000010000000011101000000
01010101000101100000000011000110000000011101000010
11010001100001100000000011000000010100010010000000
11010001000000000001000011000110000001010000000010
00000010100001100000000000000110000000010000000010
00000001000001100000000000000110000000011101000010
11010010100001110000000000100010000000011101000010
00000010100001110000000000100010000000011101001010

