1 668 752 781 940 987 1481 1485 1673 1735 1838 1904 2242 2280 2444 2627 2712 2768 3060 3135 3149 3403 3732 3981 4136 4211 4225 4376 4493 4620 4855 5358 5442 5865 6208 6382 6415 6927 7251 7388 7533 7980 8008 8130 8962 9216 9662 9742 9977 10001
10110000000010101010001010000000000000000111000100
10110000000000001000001110000000100001000111000100
10110001100010101100000000100000100001000111001100
11000000000000000000000010000001000011010110000000
11000000000000001000001110000000100001000111001100
11000000100000000000100000100000100000000111000000
10110000000010101010001010000000000001000111001100
10110000000000001000000000100000010011010111000000
10110000000000001000000000100000010011010111001100
10110000000000001000001010001000100001000111000000
10110000000000001100000000100000010001000111000000
11000101000000001000001010001000100001000111000000
10110000000000001000001010001000100001000111000000
11000000000010101010001010000000000001000111001100
00110000000000000000000010000001000011010110000000
10110000100000001100000000100000000011010110100000
00110000100000001100000010010000100101000111000000
10110000000000001100000000100000000001000111000000
00110000100000001100000000100000010011000111000011
00110000100000001100000000100000100000000111000011
10110000100000001100000000100000000011000111000100
10110000100000001100000000100000000011010110100000
10110000000000001000001110000000100001000111000100
10110000000000001100000000100000000001000111000000
00110000000000001000000000100000000011010110100100
10110000000000011000000000100010100000000111000000
11000000100000000000100010000000010001010111001100
11001000000000000000100000100000100001000111000000
10110010000000001000001010001000100001000111000000
11000000100000000000100010000000100001000111000000
10110000100000001100000000100000000000000111000100
00110000000000000000000010000001000011010110000000
00110000100000001100000000100000010011000111000011
10110000000000011000000000100010100000000111000100
00110000110000001100000000100000100000000111000011
11000000000010101010001010000000000001000111001100
00110000100000001100000000100000010011010111100100
11001000101010101000000001100000100001000111000100
00110000000000000000000010000001000011010110000000
00110000000010101010001010010000100001010110000000
10110000000000001100000000100000000001000111000000
00110000100000001100000000100000010011010111100100
00110001100010101100000000100000000001000110001100
00110000100000001100000000100000100000000111000011
00110000100000001100000000100000010011001000000000
10110000100000001100000000100000000011010110100000
11000101100011101000011010010000100101000111000000
00110000000000000000000010000001000011010110000100
00110000000010101010001010000000000011010111000000
00110000100000001100000010010000100101000111000000
10110000000000001000000000100000000011010110100100
11000000100000000000100010000000010001010111001100
10110001100010101100000000100000100001000111001100
00110000110000001100000000100000100000000111000011
11000000000000001000001110000000100001000111001100
11000000100000000000100010000000010011000111000100
11001000000000000001100000100000000001000111001100
10110000000100001000001010001000100011010110000000
10110000000000011000000000100000100001000111000100
11000000000010101010001010000000000001000111000100
10110000000000011000000000100000000011000111000100
10110010000000001000001010001000100001000111000000
10110000000000001000000000100100000011000111000100
00110000100000001100001010001000100001000111000000
11000101100011101000011010010000110001000111000000
00110000000010101010001010010000100001010110000000
10110000000000001000001110000000001011010111001100
10110010000000001000001010001000100001000111000000
10110000000010101010001010010000010011010111001100
10110000000000000000101010100000100000000111000100
01000101100010001100000000100000010011010111001100
11000000100000000000100010000000100001000111000000
00110000100000001100000000100000000011000111000000
00110000000000000000000010000001000011010110000000
11000000000010101010001010000000000001000111000100
10110000000100001000001010001000100001000111000000
10110000100000001100000000100000000011100111000000
10110001100010101100000000100000100001000111001100
00110000000010101010001010010000100001010110000000
11000000100000000000100010000000010001010111001100
11000000100000000000100010000000001011010111000000
11000000100000000000100010000000010011000111000100
10110000000010101010001010010000100001010110000000
00110000000000000000000010000001000011010110000000
10110000000010101010001010000000000001000111001100
00110000100000001100000000100000100000000111000011
10110000000000011000000000100010100000000111000100
10110000100000001100000000100000000011010110100000
10110010000000001000001010001000100001000111000000
00110000110000001100000000100000100000000111000010
00110000100000001100000000100000000011000111000000
00110000000000000000000010000001000011010110000000
00110000100000001100000000100000100000000111000011
00110000100000001100000000100000100000000111000011
10110000000000011000000000100000100000000111000000
00110000000010101010001010010000100001010110010000
10110001100010101100000000100000100001000111001100
00110000100000001100000000100000010011010111100100
11001000101010101000000001100000100001000111000100
00110000000000001000000000100000000011010110100100

