1 32 283 631 951 1258 1348 1578 1658 2320 2456 2470 2508 2627 2630 2832 2944 3093 3257 3505 3511 3595 3623 3637 3703 3773 3919 4142 4595 4985 5859 6058 6145 6256 6357 6646 6712 6852 7113 7388 7764 8168 8572 8680 8872 9015 9032 9332 9572 10001
00000001001101000001000000010001000000100000000001
00000000000010000001000000110000010110100000000000
00000000000101000010001011000001000000000000001000
00010000000010000001000000110001000000100000000000
01000001000101000010001001000000010110000100000000
00010000000010000001000000010000000000000000000000
00000000001101000010000000000001000000100000000000
00000000000010000001000000010000110010000001000001
00000001010000000010010000000001000000100000000000
00000000010000000010000000000001000000000000000000
00000000010000000110000000000000010110000100000000
00000001001101000001000000010000010110100000000000
00000001000000000001000000010000110010000000001000
00000001010000000010000000000001000000000000000000
00000001011101000001000000010000110010000000000100
00000001000010000001000000010000110010000000000000
00000001010000000110000000000000010000101000000000
00000001001101100000000000000001000000100000000000
00000000000101000010001101000001000000000000000001
00000001010000000010000000000001000000000000000000
00010000000101000010000000000000010110000000000000
00000001001101100011000000110000000000100000000000
00000001001101000001000000010000010000100000000000
00000001001101000001000000010000110010000000000100
00000001001101000001000000010001000000100000000001
00000001010000000010000000000000010110000100000000
00000001010000000010010000000001000000100000000000
10000001010000000001000000010000110010000000000001
01000001000101000010001001000000010110000000000001
00000001001101100011000000110001000000100000000000
00000001000000000001000000010000110010000000000000
00000001010000000010000000000001000000000000000000
00000000000010000001000000110000010110100000000000
00000000000100000010000000000001000000100000000001
00000001001101000001000000010000110010000000000000
00000001010000000001000000010001000000100001000000
00000001001101000001000000010001000000100000000000
00000001000010000001100000110000010110000100000000
00000001001101000001000000010000010000100000000000
00000001000010000001000000110000010110000100000000
00100010000101000001000000010000011110000100000000
00000000000101000010001101000001000000000000000001
00000000000101001010001001000001000000000000000000
00000001001101100001000000110000010110000100000000
00010000000010000001000000010000000000000000000000
00000001010000000010000000000001000000110000000000
00000001000101000001000000010000110010000000000000
00000001000010000001100000110000010110000100000000
00000001001101100001000000110000010110000100000000
00000001000101000001000000010000010110000100000000
00000001010000000010000000000001000000000000000000
00000000000101000011000000010000010110000100000000
00000001010000000010000000000000000011000001000001
00000000000101000010001011000001000000000000001000
00000000000101000010001000001001000000000000000000
00000001010000000010000000000001000000000000000100
00000001010000010010000000000000000011000000100001
00000001001101100001000000110000010110000100000000
00000001000010000001000000010000110010000000000000
00000001000100000010000000000001000000100000000000
00000001001101000001000000010001000000100000000000
00000001010000000001000000010001000000100001000000
00000000000101000010001011000001000000000010001001
00000001001101100001000000110000000000100000000000
00000000000101000010001001000001000000100000000000
00000000001101000010000000000001000000100000000000
00000001011101000001000000110000010110100000000000
00000001000000000001000000010000110010000000001000
00000001001101100011000000110000000000100000000000
00100010000101000001000000010000010110000100010001
00000001001101000001000000010011000000100000000001
00010000000010000001000000110001000000100000000000
00000000010000000110000000000000010110000100000000
00000001010000000001000000010001000000100001000000
00000001000010000001100000110000010110000100000000
00000001000100000010000000000001000000100000000000
00000001010000000010000000000001000000000000000100
00000001110000000001000000010000110010000000000001
00000001000000000001000000010000110010000000001000
00000001010000000001000000010000110010000000000001
00000001000010000001000000110000010110000100000000
00000001001101000001000000010001000000100000000010
00000001000101000010000000000000010110000000000001
00100010000101000001000000010000010110000100010001
00000001010000000110000000000000010000101000000000
00000001011101000010000000000001000000100000000000
00000001010000000010000000000001010110000100000000
00000001001101000001000000010101000000100000000000
00000000010000000010000000000001000000000000000000
00000001010000000110000000000001000000100000000000
00001100010001000001000000010001000000000000000000
00000001110000000001000000010000110010000000000001
00000001001101000001000000010001000000100000000001
00000000000101000010001011000001000000000000001000
00000001000101000001000000010000110010000000000000
00000001010000000001000000010001000000100001000000
00001100010001000001000000010001000000000000000000
00000000000010000001000000110000010110000100000000
00000001010000000010000000000001000000100000000001
00000001010000000010010000000001000000000000000000

