1 116 224 278 497 641 900 943 1134 1386 1663 1771 1832 1836 2005 2318 2595 2883 3164 3405 3538 3631 3718 3836 3973 4257 4758 5067 5301 5445 5513 5794 6150 6157 6442 6690 6762 6909 7046 7528 7924 7964 8007 8536 8766 8889 9849 9882 9993 10001
10000000110000010000000010100101100000000000010000
01000101001000010000000001000000100001000000000000
00000000010100010000010001000000100011100000000000
00000001001000010000000001000000100000000000000000
00000000010100110001000010000000100001000000001000
10000000010000010000100000000000100000000000000000
01000010001000010000010001000000100011100100000000
01000000001000010000000000000100100001000000010010
01000010001000010000010101000000100011000100100101
00000000000000010000010001000100100000000100000000
01000000000100010000100000000000100100000000011000
00000000000000010000000000000000100000000000000000
00000000000000010000010001000100100000000100000000
01000010001000010000010000000000100000010000000000
00000001001000010100000001000000100001000100000000
10000000010000010000000000000000100000000010010000
10000000010000010000000010000100100000000000000000
00000000110000010010000000100100100000000000010000
10110000001000010000010001000000100100000000010000
10110000001000010000100000000000100100000000010000
00000000110000010000100000100101010000000000000000
10000000010000010000000000000000100000000010010000
01000101001000010000000001000000100001000000000000
00000000110000010010000000100100100000000000010000
01000101001000010000000001000000100001000000000000
00000000000000010000000011000100100000000100100000
00000000010100110001000010000101010000000000010000
00000000001000010000100000000000100000000100000000
00000000000000010000100000000100100001000000010010
00000000110000010010000000100100100000000000010000
00000000010000010000000000100100100000000000010000
00000001001000010000000000000000100000000000000000
10110000001000010000010001000000100100000000010000
10000000011000010000000000100101000000000000001000
01000000010100010000100000100111011000000100000000
01000010001000010000010000000000100000010000000000
01000001010100010000000000000000100000000000000000
00000000001000010000010001000000100011100100000000
00000001001000010000000001000000100001000000000000
00000000000000010000010001000000100000000000000000
00000000110000010010000000100100100000000000010000
01000001010100010000000000000000100000000000000000
01000000010000010000001001000100100001000000000000
10110000001000010000100000000000100100000000010000
10110000010000010000000000000100100001000000010010
10000000010000010000000000000000100000000010010000
01000000001000010000010001000000100011100100000000
00000000010100011000000000000000100000000000000000
10000000010000010000000010000000000000000000000000
10000000010000010000000010000100100000000000000000
01000101001000010000010001000000100000000000000000
00000001000100110001000010000101010000000000010000
00000000010100010000010001000000100011100000000000
01000000010100010000100000100111011000000100000000
00000000010100110001000010000000100001000000001000
00000000110000010000100000100101010000000000000000
00000000010100110001000010000101010000000000010000
00000001000100110000010001000000100011100100000000
00000000000100110000000010010100100000000000000000
00000000101010000000000001000100100001000000000000
00000000101010000000000001000100100001000100000000
00000000000000010000100000000100100001000000010010
00000000110000010000000010100100100001000100000000
10000000011000010000000000000000100000000100000000
00000000001000000000000000000100100001000100011000
00000000000000010000010001000000100000000000000000
00000000001000010000100000000000100000000001010000
00000000000000010000100000000100100001000000010010
00000000001000010000100000100101010000000000000000
10000000011000010000000000001000100000000000010000
00000000110000010000100000100101010000000000010000
00000000110000010010000000100100100000000000010000
10111000001000000000000000000100100001000100011000
00000001001000010100000001000000100001000100000000
00000000101010000000000001000100100001000100000000
10000000011000010000000000000000100000000100000000
10110000001000000000000001000100100001000000000000
00000000010100010000010001000000100011100100000000
00000000000000010000010001000000100000000000000000
00000000101010000000000001000100010000000000010000
00000000000000010000000010100100100000000000010000
00000000010000010000010001000000100000000001010000
10110000000110010010000000100100100000000000010000
00000001001000010000000001000000100000000000000000
01000010001000010000010001000000100011100100000000
10110000110100010000100000000000100000000100000000
10000000011000010000000000100101000000000000000000
10000000010000010000000000000000100000000010010000
00000000000000010000100000000100100001000000010010
10000000011000010000000000100101000000000000000000
10110000001000000000000000000100100001000100011000
10000000010000010000000000000000100000000010010000
00000000010100110001000010000000100001000000001000
10110000001000010000100000000000100100000000010000
00000000000000010000000010100100100000000000010000
10110000011000010000000000100101000000000000000001
00000000010100010000010001100100000000001010001000
01000001010100010000000000000000100000000000000000
00000000101011000000000001000000100100000000010000
01000000010100010000100001000000100000000010010000

