1 569 773 867 1049 1562 1932 2031 2037 2125 2175 2247 2263 2318 2374 2655 3229 3588 3604 3715 3786 4101 4140 4945 5045 5061 5199 5442 5729 5900 5917 5950 6033 6132 6270 6281 7158 7252 7550 7710 7782 8168 8455 8886 9018 9084 9305 9504 9714 10001
10101110111000000100000000010000000001000010000001
00110101000000000000100000000001100110000010010001
10101101000000000000100000000000100010000010000000
11100110111000000100000000000001100110000100000001
00000001000110000000000000010000100110000010000001
10101110111000000000000100000001100110000010000000
00110101000000000100000000010000000010000010000001
00100001000000000010000000010000100110000010000001
00100001000110000000000100000001100110000010000001
00110101000000000000100000010000000010000010000001
00000001000110000000000000010100100101000010000001
10100110111000000000000000010000000010000010000001
00110101000000000000100000010000000010000010000001
00000110111000000000000000010000011001000010000001
00100110111000000000100000010000000010000000000001
00100110111000000100000000010000000010000000000001
00110110111000000100000000010000100101000010000001
00110101000000000000000000010000100010000000000001
10101101000000000000100000000000100010000000000101
10101101000000000000100000000000100010000000000101
10101101000000000000100000000000100010000010000000
00100110111000000100000000010000000010000000000001
00110101000000000000100000000001100110000010010001
00110101000000000000000000010000100010000000000001
00110101000000000000100000010000000010000010000001
00110101000000000000101001010000011001000010000001
00100001000111000000010100000000011001000010000001
00110101000000000000100000010000000010000010000001
00100001000000000010000000000010100010000000000001
10101101000000000000100100000000011010000010000001
10101101000000000000100100000000011001000010000001
10100110111000000100000000010000100101000010000001
10101101000000000000100000000000100010000000000101
00000001000110000000000000010000100110000000000001
00000110100110000000000000010000100101000010000001
00000110111000000000000000010000011001000010000001
10100110111000000100000000010000100101000010000001
00110110111000010000000000010000000010000010000001
00110101000000000000100000000001100110000000000011
00110101000000000000100000010000000010000000000001
00110101000000000000000000010000100010000000000001
10100110111000000100000000010000100101000010000001
10100101001000010000000000010000000010000000000010
10101101000000000000100000000000100010000000000001
00100001000000000010000000000010100010001010000001
00100110111000000100000000010000000010000000000001
00110110111000000000010100000000011001000010000001
10100110111000000100000000010000001001000010000001
00100001000000000010000001010000100110000000000001
00110101000000000000100000000001100010000000000001
10101110111000000000000100000001100110000010000000
00100001000111000000010100100000011001000010000001
10101101000000000000100000000000100010000010000000
00000110100110000000000000010000100101000010000001
00000001000110000000000000010000100110000010000001
10101101000000000000100000000000100010000010000000
00100001000110000000010100000000010001000011000001
00100110111000000000100000010000000010000000000001
10101101000000000000100000000000100010000010001001
10100110111000000100000000010000000010000000000001
00110101000000000011000000001001100110000100000001
00100001000000000010000000000010100010000000000001
00100001000110000000010100000000011001000010000001
00100110111000100000100011010000000010000000000001
00000001000110000000000000010000000010000000000001
00110101000000000000100000010000000010000000000001
00100001000000000010000000010000100110000100000001
00100001000000000010000000000010100010000000000001
10101101000000000000100000000000100010000010001001
00100001000110000010000000000010100010001010000001
00100001000111000000010100100000011001000010000001
10101101000000000000100100000000011001000010000001
00000001000110000000000000010000000010000000000001
00110110111000010000000000010000000010000000100001
00110110111000010000000000010000000010000000100001
00100110111000100000100011010000000010000000000001
10100110111000000100000000010000000010000000000001
00110101000000001100000000010000000010000010000001
00110101000000000000100000010000000010000000000001
00100001000110000000010100000000010010010010000001
00100110111000000100000000010000000010000010010001
00100001000000000010000000010000100110000010000001
10101101000000000010000000010000100110000100000001
11100110111000000100000000000001100110000100000001
00110101000000001100000000010000000010000010000001
00100110111000100000100011000000010010010010000001
00000110100110000000000000010000100101000010000001
00100110111000000100000000010000000010000000000001
00100001000000000010000000000010100010000000000001
00000110100110000000000000010000100101000010000001
00110110111000010000000000010000000010000010000001
00100110111000000100000000010000000010000000000001
00000001000110000000000000010000100110000010000001
10101101000000000000100000000000100010000000000101
00100110111000000100000000010000000010000010010001
00110110111000000011000000000001100110000100000001
00000001000110000000000000010000000010100000000001
10100110111000000100000000010000100101000010000001
10101101000000000000100000000000100010000000000101
00100110111000000100000000010000000010000000000001

