1 26 281 795 1406 1443 1673 2180 2192 2217 2238 2706 2870 2895 3208 3463 3543 3555 3576 3710 3974 4241 4313 4359 4400 4467 4471 4576 4639 4647 4756 6169 6257 6303 6404 6479 6801 7002 7194 7361 7868 7888 8227 8344 8792 8951 8963 9080 9223 10001
00000000000101111001000000010000110001000001000000
00000000010000000000100000011000010000111001000000
00000000000001100001100000010000010000110001000000
00000100001101000100100000010000010000110001000000
11100000100000000001000001010000011000110001000000
00000000000001000000101000010000010000110001000001
00000011000000000000101000010000010000110001000001
00000010010101111001000010010000110001000001000000
00000000010001100001100000010000110000110001000000
11000000000000000001000000010000110000000001000010
00000100001101000100000000010000010001000000000100
00000100001101000100000000010000110000110001000000
11000000000000000001000000010000110000000001000010
00000000000000000000110000011000010000111001000000
11000000000001000010101000010010000001000001000000
11000000000001000000100000010000010000110001000000
00000000000000000001100000010000010100110001000000
11000100001101000100000000010000010000110001100000
11000000000001000000000000010000110000000001000000
11000000000001000000000000010000110000000001000000
00000000000001000000000000000100010000110001000000
00000010010101111001000000010000110001000000000100
00000000010000000000100000011000010000111001000000
00000010010000000000101000010000010000110001000000
00000010010001100001100000010000011000110001000000
11000000010101111001000000010000110001000001000000
00000000000101111001000100010000110001000000000100
11000000000000000001000000010000110000000001000010
00000010010000000000101000010000010000110001000000
00000000010001100001100000010000110000110001000000
00000000000101111001000000010000110001000001000000
00000000000000000001100000010000010000000000000100
11000000000001000000000000010000110000000001000000
00011000000000000000101000010000010001000100000100
00000000000000000000101000110000010000110001000000
00000000000000000000110000011000010000111001000000
00000000000000000001100000010000010100110001000000
11100000000000000001100000010000110001000001000001
00000010010001000100000000010000010010110001010000
00000000000000000001100000010000110000110001000000
11000100001101000100000000010000010000110001000000
00000000000000000001100000010000010100110001000000
00000000010000000000100000011000010000111001000000
00000000000000000001100000010000011000110001000010
00000010010011000000100000011000010000111001000000
00000010000001000000101000010000010000110001000001
00000000000101111001000000010000110001000101000000
00000000000101111001000000010000010010110001010000
00000010010000000000101000010000010000000001010000
11100000000000000001000001010000011000110001000010
00000000000001000001000000010000110000000001000010
00000000000101111001000000010000110000111001000001
00000000000001000000000000000100110000110001000000
00000000000000000000101000110000010000110001000001
11100000100000000001000001010000011000110001000000
00000000000001000000000000000100010000110001000000
11000100001101000100000000010000010001000000010001
11000010000000000000101000010000010000110001000000
00000100001101111001000000010000110001000001000000
11000000000000000001100000010000010001010001000000
00000000000101111001000000010000000001000001000000
00000010010000000000101000010000010000110001000000
00000000000101111001000100010000110001000000000100
11000000000101111001000000010000110001000001010000
00000000000000000001100000010000010001000010000100
00000000000000000001100000010000110000110001000000
00000100001101000100000000010000110000110001000000
00000010010000000000101000010000010000110001001000
00000100001101111001000000010000110001000001000000
00000010010001100001100000010000011000110001000000
00000000000101111001000000010000110000111001000001
00000000000101100001100000010000110000110001000000
00000000000000000001100000010000010001000010000100
00000010010101100000000000010000110000110001000000
00000010010101100000000000010000110000110001000000
11000000000101111001000000010000110001000001010000
11000000000000000001100000010000010000110001000000
00000100001101000100000000010000110000110001000000
00000000000000000001100000010000110000110001000000
00000010010101111001000010010000110010110001010000
00000000000000000000100000010000010100110001000100
00000010010001100001100000010001010000000001010000
00000100001101000100000000010000110000110001000000
00000100001101000100100000010000010000110001000000
00000000000000000000100000011000010000111001000000
00000010010001100000100000011000010000111001000001
00000010000000100000100000011000010000111001000001
00000010010101111001000000010000110001000000000100
00000010010000000000101000010000010000110001001000
00000010000000100000100000011000010000111001000001
11100000000000000001100000010000110001000001000001
11000000000001000000100000010000010000110001000010
00000100001101000100000000010000110001000001000001
11100000000000000001000001010000011000110001000010
00000000000000000000100000010000010000000000000100
00000100001101000100000000010000110000110001000000
00000010000001000000100000010000010000110001000000
00000000000000000001100000010000010100110001000000
11000000000001000000000000010000110000000001000000
00000010010101111001000000010000110001000000000100

