1 691 712 863 881 898 941 1139 1161 1346 1472 1735 2222 2369 2373 2438 3003 3068 3133 3210 4263 4444 5233 5389 5669 5794 6001 6010 6174 6204 6321 6416 6515 7153 7390 7498 7572 7969 8258 8348 8417 8534 8672 9224 9233 9336 9414 9841 9858 10001
01000000100001000000000001001000101000110010001001
01000000100000100000000000000000100010000001000101
01000000100000100000000000000010100010001000000001
01000000100000101100000000000000100010110000000001
01000000100000100000000000000000100010000001000101
00011100000000101100000001001000100101000001000101
01000000100000100000000000000000100010110000000001
01000000100000101100000000000000100010000000000001
01000000100000100000000000000000100010000001000101
01000000100000100000000001001000100010000000000001
01000000000000100000100001000001001000110010001001
01000000100000100000000001001000100100001000000001
01000000100000100000000001001000100010000000000001
00000000010000101100000000000000100010110000000001
01000000100000100000000001001000100010110000000001
01000000100000101100000000000000100010000001000101
01000000100000100000000001001000100100001000000101
01000000100000100000000001000001000000000000000001
01000000100000101100000000000000100010110000000001
01000000100000100110000001000001001000110010001001
00011100000000101100000001001000100100001000000101
01000000100000100000000001010001000000000000001001
01000000100000100000000000000000100010000001000101
00000000010000100000100011100000000010000100000011
01000000100001000000000001000001000000000000000001
01000000100000100000000111100000000010000100000011
01100000100000100000000001000000100000000001000011
01000000100000100000001000000000100000001000100000
00000000010000100000100011100000000010000100000011
01000000100000100000000000000000100010000001000101
01000000100000101100000001010000100010000001000101
01100000100000100000000001000000100000110000000001
01000000100000101100000000000000100010110000000001
01000000100000100100000001001000100100000000000001
00000000010000100100000001000001010000000000000000
00000000010000101100000000000000100010110000000001
01000000100100100000000001001000100100001000000101
00011100000000101100000000000010100010000001000101
01000000100000100001100001000001001010000001000101
01000000100000100000000000000000100010000001000101
01000000100000100100010001001000100100000000010011
01000000100100100000000001001000100100001000000101
01000000100000100000000000000000100010000001000101
01000000100000100100010001001000100100000000010011
01000000100000100000000001001000100010000001000101
00011100000000101100000001001000100101000001000101
01000000100000100000000001000000100101000001000101
00000000100000100000100001000000000010000100000011
01000000100000100100100001000001000000000000000001
01000000100000100000000001000101000100000001000101
01000000100000100000000001000101000100000001000101
00011100000000100000100011000000000010001000001000
00000000100000100100100001000001001001000101000101
01000000000000100000000000000000100010000000000001
01000000100000100000000000000000100010001000001000
00011100000000101100000001001000100101000001000101
11000000100000100000010001001000100000000000000001
00000000010000100000000000000000100010000001000101
01000000100000100000000001001000100010110000000001
00000000010000101100000000000000100010110000000001
01000000100000100000000000000000100010001000001000
00000000010000100000100011100000000010000001000001
01100000100000100000000001000000100000000001000011
01000011100001000000100000001000100100000001000101
00000000010000100000100111100000000010000100000011
01000000100000100000000000000000100010000001000101
01000000100000100000000000000000100010000001000101
00000000010000100000100011100000000010000100000011
01000000100000100000000001001000100010110000000001
01000000100000100000001000000000100000001000100000
00011100000000100000100011000000000010001000001000
01000000100000100000000000000000100010000001000101
00000000010000100000100111100000000010000100000011
01000000100010100000000001001000100010110000000001
01000000100000100000000001000000100010000000000001
01000011100001000000100000001000100100000001000101
01000000100000100000100001000001000000000000000001
01000000100000100000000001000000100010000000000001
01000000100000100000000000000000100010000001000101
01000000100000100000000000000000100010000001000101
01000000100000100000001000000000100000001000100001
01000000100000100000001000000000100000001000100001
01000000100000101100000000000000100010110000000001
01000000100000100000000000000000100010000001000101
00000000010000100000100111100000000010000100000011
00011100011000101100000001010000100010000001000101
00011100000000101100000001001000100101000001000101
01000000100000100000000001010001000000000001000101
00000000010000100000100011100000000010000100000011
00011100000000101100000001001000100101000001000101
00011100000000101100000000000010100010000001000101
01000000100000110000000001000101000100000100000101
01000000100000100000000000000000100010000001000101
01000000100000100000000001000101000100000001000101
01100000100000100000000001000000100000110000000001
01000000100000100000000001000000100010000001000101
01000000100000101100000001000101000100000100000001
01000000100100100000000001001000100100001000000101
01000000100000100000000000000000100010000001000001
01000000100000100000000001010001000000000000001001

