1 23 59 108 399 449 480 480 677 762 866 910 1045 1081 1233 1421 1928 2192 2233 2300 2694 2771 2892 3268 3403 3775 4519 4590 4599 5245 5733 5854 5957 6038 6527 6979 7195 7230 7499 8087 8158 8607 9149 9458 9458 9669 9741 9808 9817 10001
01001000001000100000000100000100011000000010100010
01001000001000100000000100010100001000000000001000
01001000000001100100010100010000011000000010100010
01001000000001100010000001011101011000000010100000
01010000001000100000110110010000011000000010100001
01001000011000100000000100010000011000000010100010
01001000000000100000000001011101011000000010100000
01000100000001100000000100010101011000000010100000
01001000001000100000000100010100001000000000001000
01001000000111100000110100010000000100000010100000
01001000000000100000000100000000001000000000100010
01000100000001110000000100010000101000000000100010
01001000000111100000110100010000000100000010100000
01001000000001100000000001011101011000000010100000
01001000000001100010000001011101011000000010100000
01010000001000100000110110010000011000000000100101
01001000001000100000000100010100011000000010100101
01000000000001100000110100010000000000110111100100
01001000000001100000000001010101011000000010100000
01001000000000100000000100000000001000000000100010
01001000001000100000000100010100011000000010100101
01001000001000100000000100010100001000000000100101
01001000001000100000000100010100001000000000001000
01000100000001100000000100010000001000000000100010
01001000000111100000110100010000000100000010100000
01000100000001100000000100010000001000000000100010
01000100000001100000000100010000001000000000100010
00100011001000100000000100000000001000000000100010
01000100000001100000000100010000001000000000100010
01001000001000100000000100000000010000000000100010
01000000000001100000001100010001010000000010100101
01001000001000001000000100010100001000000000001000
01001000000001100000000001010101011000000010100000
01001000000001100000000001011101011000000010100000
00100000001000100000000100010100001000000000001000
01001000000001100000000001011101011000000010100000
01001000001000100000000100010100011000000010100010
01001000001000100000000100000000001000000000100010
01010000001000100000110101011100000000000010100100
01001000000001100000000001010000000100000010100000
01000100000001100000000100010000001000000000100010
01001000001000100000000100010100011000000010100010
01001000001000100000000100010100001000000000100010
01000100000001100000000100010000001000000000100010
01010000001000100000110110010100001000000000100101
01001000001000100000000100010100001000000000001000
01010000001000100000110110000000011000000010100010
01000100000001100000000100010000001000000000100010
01000000000001100000110100010000000000000000100010
01010000001000100000001100010001011000000000100010
01010000001000100000001100010001011000000000100010
00100000001001100000001100010001011000000000100010
01010000001000100000110110010000000000000010100101
01001000001000100000000101011100011001000010100101
00100011000001100000000100010000001000000000100010
01001000001000100000000000010000011010000000100101
01001000000111100000000100010001011000000010100000
01010000001000100000110110000000010000100010100100
01001000000001100010000001011110011000000010100010
01001000000001100000000001011101011000000010100000
00100011001000100000000100010000011000000010100010
01000100000001110000000100010000001000000000100010
01000000001000100000110110000000001000000000100010
01001000000001110000000101011100011000000010110101
01000100000001100000000100010000001000000000100010
01001000000001100000000001010000000100000010100000
01001000001000100000000100010100001000000000001000
01000100000001100000000100010000001000000010100000
01001000000001100010000001011101011000000010100000
00100011001000100000000100110100001000000010100000
00100000001001100000000100000000010000000000100010
01000100000001100000000000010100011000000010100100
01000100000001100000000100010000001000000000100010
01001000000001100010000001011101011000000010100000
11000100000001100000000100010000000000001000100010
01001000000001110000000100000000000100000010100000
01001000001000100001000100010000000000001000100010
01000100001000100000110110010000011000000010100001
01001000000001100000000001010000000100000010100000
01001000001000100000000100010001011000000000100010
01001000001000100000000100010100001000000000001000
01000000001000100000110110010000011000000010100001
01001000000001100000000001011101011000000010100000
01001000001000100000000100010100001000000000001000
01000100000001100000000000010100011000000010100100
01000000000001100000001100010001011000000010100101
01010000001000100000110110000000011000000010100010
01001000001000100000000001110100001000000010100000
01000100000001100000000100010000001000000010100000
01010000001000100100010100010100011000000010100000
01001000001000100000000100000000001000000000100010
01001000001000100000000001110100001010100000001000
01001000101000100000000100010001011000000000100010
01010000001000100000001100010001011000000000100010
01001000001000001000000100010100001000000000001000
01001000001000100000000100010100001000000000001000
01000000001000100000110110010100010000000010100101
01001000001000100000000100010100011000000010100010
01000100000001110000000100010000001000000000100010
01001000001000100000000100010100001000000000100101

